,Time,HR_Mean,HR_Minimum,HR_Maximum,HR_Stdev,HR_RMS,HR_MAD,HR_MAV,HR_Median,HR_P25,HR_P75,EDA_Mean,EDA_Minimum,EDA_Maximum,EDA_Stdev,EDA_RMS,EDA_MAD,EDA_MAV,EDA_Median,EDA_P25,EDA_P75,TEMP_Mean,TEMP_Minimum,TEMP_Maximum,TEMP_Stdev,TEMP_RMS,TEMP_MAD,TEMP_MAV,TEMP_Median,TEMP_P25,TEMP_P75,meanCenteredEDA_Mean,meanCenteredEDA_Minimum,meanCenteredEDA_Maximum,meanCenteredEDA_Stdev,meanCenteredEDA_RMS,meanCenteredEDA_MAD,meanCenteredEDA_MAV,meanCenteredEDA_Median,meanCenteredEDA_P25,meanCenteredEDA_P75,meanCenteredHR_Mean,meanCenteredHR_Minimum,meanCenteredHR_Maximum,meanCenteredHR_Stdev,meanCenteredHR_RMS,meanCenteredHR_MAD,meanCenteredHR_MAV,meanCenteredHR_Median,meanCenteredHR_P25,meanCenteredHR_P75,meanCenteredTEMP_Mean,meanCenteredTEMP_Minimum,meanCenteredTEMP_Maximum,meanCenteredTEMP_Stdev,meanCenteredTEMP_RMS,meanCenteredTEMP_MAD,meanCenteredTEMP_MAV,meanCenteredTEMP_Median,meanCenteredTEMP_P25,meanCenteredTEMP_P75,ethica_time,lag,tdif,cumsumT,ethica_time_utc,dayvar,beepvar,beepconsec,sleep,fowg,wtshdiss,badperson,eat_public,eat_worry,anxiety,worthless,restrict,desirethin,overvalwtsh,reject,mistakes,highstand,iuc,saa,intrus_thought,fearloc,bodydiss,ineffective,food_intrus,guilty,shame,sad,si,thought_death,scared,feelfat,tired,agitated,relax,urge_restrict,stress,skipmeal,foodrules,vomit,laxdiur,binge,bodycheck,impulse,exercise,compulsion,avoid_food,selfharm,hunger_anx,smallportion,drink_public,avoid_emo,avoid_sit,emo_overwhelm,eat_anx,rumination,heartrace,physsens_eat,attn_others,worryoverwhelm,physsens,socialanx,sens_body,ridthoughts,memories,chewspit,sleep_meanCentered,sleep_medCentered,fowg_meanCentered,fowg_medCentered,wtshdiss_meanCentered,wtshdiss_medCentered,badperson_meanCentered,badperson_medCentered,eat_public_meanCentered,eat_public_medCentered,eat_worry_meanCentered,eat_worry_medCentered,anxiety_meanCentered,anxiety_medCentered,worthless_meanCentered,worthless_medCentered,restrict_meanCentered,restrict_medCentered,desirethin_meanCentered,desirethin_medCentered,overvalwtsh_meanCentered,overvalwtsh_medCentered,reject_meanCentered,reject_medCentered,mistakes_meanCentered,mistakes_medCentered,highstand_meanCentered,highstand_medCentered,iuc_meanCentered,iuc_medCentered,saa_meanCentered,saa_medCentered,intrus_thought_meanCentered,intrus_thought_medCentered,fearloc_meanCentered,fearloc_medCentered,bodydiss_meanCentered,bodydiss_medCentered,ineffective_meanCentered,ineffective_medCentered,food_intrus_meanCentered,food_intrus_medCentered,guilty_meanCentered,guilty_medCentered,shame_meanCentered,shame_medCentered,sad_meanCentered,sad_medCentered,si_meanCentered,si_medCentered,thought_death_meanCentered,thought_death_medCentered,scared_meanCentered,scared_medCentered,feelfat_meanCentered,feelfat_medCentered,tired_meanCentered,tired_medCentered,agitated_meanCentered,agitated_medCentered,relax_meanCentered,relax_medCentered,urge_restrict_meanCentered,urge_restrict_medCentered,stress_meanCentered,stress_medCentered,skipmeal_meanCentered,skipmeal_medCentered,foodrules_meanCentered,foodrules_medCentered,vomit_meanCentered,vomit_medCentered,laxdiur_meanCentered,laxdiur_medCentered,binge_meanCentered,binge_medCentered,bodycheck_meanCentered,bodycheck_medCentered,impulse_meanCentered,impulse_medCentered,exercise_meanCentered,exercise_medCentered,compulsion_meanCentered,compulsion_medCentered,avoid_food_meanCentered,avoid_food_medCentered,selfharm_meanCentered,selfharm_medCentered,hunger_anx_meanCentered,hunger_anx_medCentered,smallportion_meanCentered,smallportion_medCentered,drink_public_meanCentered,drink_public_medCentered,avoid_emo_meanCentered,avoid_emo_medCentered,avoid_sit_meanCentered,avoid_sit_medCentered,emo_overwhelm_meanCentered,emo_overwhelm_medCentered,eat_anx_meanCentered,eat_anx_medCentered,rumination_meanCentered,rumination_medCentered,heartrace_meanCentered,heartrace_medCentered,physsens_eat_meanCentered,physsens_eat_medCentered,attn_others_meanCentered,attn_others_medCentered,worryoverwhelm_meanCentered,worryoverwhelm_medCentered,physsens_meanCentered,physsens_medCentered,socialanx_meanCentered,socialanx_medCentered,sens_body_meanCentered,sens_body_medCentered,ridthoughts_meanCentered,ridthoughts_medCentered,memories_meanCentered,memories_medCentered,chewspit_meanCentered,chewspit_medCentered
0,2022-03-25 18:39:00.000,78.39291197329983,61.08,98.03,9.412707002746021,78.95575177463557,7.912443384156515,98.03,79.85,70.77,84.75,0.20959377388402095,0.121682,0.268982,0.028786201092644684,0.2115605107841741,0.02334950536244277,0.268982,0.213905,0.188288,0.227995,29.5881309970796,29.19,29.93,0.18956195315698246,29.588737969762963,0.1580509637881869,29.93,29.61,29.45,29.75,-0.27638484173308103,-0.36429661561710086,-0.21699661561710087,0.028786201092644695,0.2778792550949661,0.023349505362442995,0.36429661561710086,-0.27207361561710086,-0.29769061561710086,-0.25798361561710087,-11.694612326299607,-29.00752429959961,7.942475700400394,9.41270700274602,15.010864335765472,7.912443384156496,29.00752429959961,-10.237524299599613,-19.31752429959961,-5.3375242995996075,-2.5869853959612623,-2.9851163930409292,-2.245116393040931,0.1895619531569825,2.5939183067076885,0.1580509637881749,2.9851163930409292,-2.565116393040931,-2.7251163930409312,-2.4251163930409305,2022-03-25 15:10:44,2022-03-25 11:06:36,244.133333333333,15615.1666666667,2022-03-25 19:10:44,29,3,115,40.0,91.0,92.0,54.0,76.0,66.0,47.0,38.0,43.0,80.0,74.0,100.0,38.0,66.0,34.0,89.0,62.0,80.0,93.0,49.0,47.0,67.0,71.0,0.0,0.0,0.0,0.0,85.0,74.0,18.0,19.0,82.0,60.0,34.0,72.0,0.0,0.0,0.0,46.0,13.0,50.0,29.0,69.0,0.0,50.0,26.0,0.0,46.0,0.0,0.0,38.0,37.0,0.0,0.0,80.0,2.0,24.0,0.0,16.0,39.0,0.0,0.0,2.238095238095241,7.0,9.0,6.0,0.6236559139784958,-1.0,9.462365591397848,13.0,3.8494623655913927,-1.0,-4.215053763440864,-4.0,-3.172043010752688,-5.0,7.043010752688172,9.0,-11.752688172043008,-12.0,-0.06451612903225623,-2.0,1.13978494623656,2.0,7.290322580645167,4.0,0.56989247311828,3.0,4.021505376344088,6.0,-12.655913978494624,-14.0,2.0645161290322562,1.0,9.182795698924728,7.0,13.11827956989248,13.0,0.2258064516128968,-2.0,14.956989247311824,18.0,-7.053763440860216,-7.0,10.096774193548384,7.0,-0.4193548387096797,-1.0,-0.7096774193548387,0.0,0.0,0.0,-0.26881720430107525,0.0,-5.182795698924731,0.0,1.1075268817204318,-1.0,7.096774193548384,7.0,6.548387096774194,9.0,-12.397849462365592,-9.0,24.505376344086024,21.0,27.215053763440864,26.0,2.623655913978496,0.0,14.043010752688176,10.0,0.0,0.0,0.0,0.0,-18.387096774193548,-5.0,3.655913978494624,2.0,-24.516129032258064,-27.0,-21.619565217391298,-17.5,-16.032258064516128,-17.0,6.741935483870968,4.0,-0.25,0.0,0.10869565217391397,-1.0,-3.641304347826086,0.0,-0.09782608695652174,0.0,22.77173913043478,26.5,-4.423913043478261,0.0,-1.901098901098901,0.0,-6.626373626373628,-9.0,29.59340659340659,37.0,-1.1538461538461537,0.0,-19.857142857142858,-21.0,5.362637362637358,-1.0,-1.303370786516854,2.0,-2.1235955056179776,1.0,-4.359550561797753,0.0,0.7415730337078656,0.0,1.0224719101123583,-1.0,-1.3146067415730338,0.0,0.0,0.0
1,2022-03-25 14:53:00.000,123.76603915035395,83.67,200.65,29.368184088910457,127.20127146530686,23.482925832131883,200.65,116.1,104.53,141.95,0.23514309537692776,0.189569,0.289476,0.02527617196687064,0.23649713334749758,0.022335799109457613,0.289476,0.23568,0.210062,0.256174,33.572615576843155,32.89,34.16,0.3498878237958482,33.57443800232592,0.29215450108339736,34.16,33.57,33.25,33.87,-0.25083552024017425,-0.2964096156171009,-0.19650261561710086,0.025276171966870657,0.25210528949686933,0.022335799109457655,0.2964096156171009,-0.2502986156171009,-0.2759166156171009,-0.22980461561710086,33.67851485075443,-6.417524299599606,110.5624757004004,29.368184088910457,44.680794285421904,23.482925832131862,110.5624757004004,26.012475700400387,14.442475700400394,51.86247570040038,1.3974991838020514,0.71488360695907,1.984883606959066,0.34988782379584765,1.4406160037494407,0.292154501083384,1.984883606959066,1.3948836069590698,1.0748836069590695,1.694883606959067,2022-03-25 11:06:36,2022-03-25 09:46:35,80.0166666666667,15371.0333333333,2022-03-25 15:06:36,29,2,114,40.0,87.0,93.0,57.0,59.0,71.0,61.0,28.0,49.0,71.0,90.0,100.0,28.0,59.0,28.0,98.0,41.0,84.0,98.0,14.0,56.0,75.0,83.0,0.0,0.0,0.0,0.0,94.0,93.0,18.0,9.0,54.0,25.0,38.0,62.0,0.0,0.0,0.0,16.0,27.0,38.0,36.0,22.0,0.0,57.0,24.0,0.0,27.0,0.0,0.0,22.0,0.0,0.0,0.0,94.0,0.0,0.0,0.0,0.0,25.0,0.0,0.0,2.238095238095241,7.0,5.0,2.0,1.6236559139784958,0.0,12.462365591397848,16.0,-13.150537634408607,-18.0,0.7849462365591364,1.0,10.827956989247312,9.0,-2.956989247311828,-1.0,-5.752688172043008,-6.0,-9.064516129032256,-11.0,17.13978494623656,18.0,7.290322580645167,4.0,-9.43010752688172,-7.0,-2.978494623655912,-1.0,-18.655913978494624,-20.0,11.064516129032256,10.0,-11.817204301075272,-14.0,17.11827956989248,17.0,5.225806451612897,3.0,-20.043010752688176,-17.0,1.946236559139784,2.0,18.096774193548384,15.0,11.58064516129032,11.0,-0.7096774193548387,0.0,0.0,0.0,-0.26881720430107525,0.0,-5.182795698924731,0.0,10.107526881720432,8.0,26.096774193548384,26.0,6.548387096774194,9.0,-22.397849462365592,-19.0,-3.4946236559139763,-7.0,-7.784946236559136,-9.0,6.623655913978496,4.0,4.043010752688176,0.0,0.0,0.0,0.0,0.0,-18.387096774193548,-5.0,-26.344086021505376,-28.0,-10.516129032258064,-13.0,-33.6195652173913,-29.5,-9.032258064516128,-10.0,-40.25806451612903,-43.0,-0.25,0.0,7.108695652173914,6.0,-5.641304347826086,-2.0,-0.09782608695652174,0.0,3.7717391304347814,7.5,-4.423913043478261,0.0,-1.901098901098901,0.0,-22.626373626373628,-25.0,-7.406593406593407,0.0,-1.1538461538461537,0.0,-19.857142857142858,-21.0,19.362637362637358,13.0,-3.303370786516854,0.0,-26.123595505617978,-23.0,-4.359550561797753,0.0,-15.258426966292134,-16.0,-12.977528089887642,-15.0,-1.3146067415730338,0.0,0.0,0.0
2,2022-03-24 18:27:00.000,81.36683465222826,59.48,111.25,10.247334603515148,82.00930381819293,8.262121131327884,111.25,78.7,74.45,87.78,0.21948301041232815,0.080695,0.262578,0.021703118833771632,0.2205529892065461,0.017088893052856498,0.262578,0.224152,0.204939,0.233118,30.49927113702603,30.27,30.85,0.13804411204664951,30.49958340912122,0.11039540133299629,30.85,30.49,30.37,30.57,-0.2664956052047715,-0.40528361561710086,-0.2234006156171009,0.021703118833771448,0.267377517345312,0.01708889305285643,0.40528361561710086,-0.26182661561710086,-0.2810396156171009,-0.2528606156171009,-8.72068964737139,-30.60752429959961,21.162475700400392,10.24733460351515,13.454165130078126,8.262121131327849,30.60752429959961,-11.387524299599605,-15.637524299599605,-2.3075242995996064,-1.6758452560147132,-1.905116393040931,-1.325116393040929,0.1380441120466508,1.6815188260055132,0.11039540133301805,1.905116393040931,-1.685116393040932,-1.8051163930409295,-1.6051163930409302,2022-03-24 14:44:17,2022-03-24 12:29:55,134.366666666667,14938.65,2022-03-24 18:44:17,28,3,111,33.0,92.0,87.0,39.0,58.0,62.0,52.0,30.0,66.0,79.0,77.0,99.0,47.0,55.0,25.0,91.0,58.0,72.0,95.0,47.0,69.0,55.0,71.0,5.0,0.0,0.0,0.0,90.0,37.0,12.0,26.0,31.0,62.0,26.0,64.0,0.0,0.0,37.0,39.0,31.0,45.0,42.0,68.0,0.0,35.0,26.0,0.0,64.0,0.0,0.0,20.0,0.0,0.0,7.0,83.0,10.0,32.0,0.0,0.0,25.0,0.0,0.0,-4.761904761904759,0.0,10.0,7.0,-4.376344086021504,-6.0,-5.537634408602152,-2.0,-14.150537634408607,-19.0,-8.215053763440864,-8.0,1.827956989247312,0.0,-0.956989247311828,1.0,11.247311827956992,11.0,-1.0645161290322562,-3.0,4.13978494623656,5.0,6.290322580645167,3.0,9.56989247311828,12.0,-6.978494623655912,-5.0,-21.655913978494624,-23.0,4.064516129032256,3.0,5.182795698924728,3.0,5.118279569892479,5.0,2.225806451612897,0.0,12.956989247311824,16.0,14.946236559139784,15.0,-1.9032258064516157,-5.0,-0.4193548387096797,-1.0,4.290322580645161,5.0,0.0,0.0,-0.26881720430107525,0.0,-5.182795698924731,0.0,6.107526881720432,4.0,-29.903225806451616,-30.0,0.548387096774194,3.0,-5.397849462365592,-2.0,-26.494623655913976,-30.0,29.215053763440864,28.0,-5.376344086021504,-8.0,6.043010752688176,2.0,0.0,0.0,0.0,0.0,18.612903225806452,32.0,-3.344086021505376,-5.0,-6.516129032258064,-9.0,-26.619565217391298,-22.5,-3.032258064516128,-4.0,5.741935483870968,3.0,-0.25,0.0,-14.891304347826086,-16.0,-3.641304347826086,0.0,-0.09782608695652174,0.0,40.77173913043478,44.5,-4.423913043478261,0.0,-1.901098901098901,0.0,-24.626373626373628,-27.0,-7.406593406593407,0.0,-1.1538461538461537,0.0,-12.857142857142858,-14.0,8.362637362637358,2.0,6.6966292134831455,10.0,5.876404494382022,9.0,-4.359550561797753,0.0,-15.258426966292134,-16.0,-12.977528089887642,-15.0,-1.3146067415730338,0.0,0.0,0.0
3,2022-03-23 21:18:00.000,89.60311120366514,67.65,105.58,11.408227565725474,90.32613679308626,9.806513841501177,105.58,93.92,80.97,99.05,0.3809780408163273,0.286914,0.470079,0.045891409406654426,0.38373091079311406,0.03912297450892076,0.470079,0.370171,0.35352,0.418844,32.08892544772976,31.05,33.39,0.6967655116247118,32.096486043930014,0.6005947195747986,33.39,31.77,31.63,32.65,-0.1050005748007744,-0.19906461561710087,-0.01589961561710085,0.04589140940665436,0.11458736851135859,0.03912297450892083,0.19906461561710087,-0.1158076156171009,-0.13245861561710087,-0.06713461561710088,-0.4844130959344576,-22.437524299599602,15.49247570040039,11.408227565725474,11.416133611450086,9.806513841501175,22.437524299599602,3.832475700400394,-9.117524299599609,8.96247570040039,-0.0861909453108165,-1.1251163930409298,1.21488360695907,0.6967655116247112,0.701932231239097,0.6005947195748806,1.21488360695907,-0.40511639304093094,-0.5451163930409315,0.47488360695906806,2022-03-23 17:33:22,2022-03-23 15:05:37,147.75,14624.65,2022-03-23 21:33:22,27,4,108,,94.0,89.0,61.0,64.0,65.0,30.0,46.0,41.0,83.0,66.0,99.0,24.0,72.0,38.0,88.0,38.0,73.0,95.0,54.0,49.0,46.0,68.0,0.0,0.0,0.0,0.0,93.0,25.0,32.0,29.0,45.0,35.0,31.0,61.0,0.0,0.0,0.0,38.0,16.0,50.0,50.0,68.0,0.0,55.0,23.0,0.0,19.0,0.0,0.0,51.0,0.0,0.0,0.0,92.0,0.0,0.0,0.0,0.0,48.0,0.0,0.0,,,12.0,9.0,-2.376344086021504,-4.0,16.462365591397848,20.0,-8.150537634408607,-13.0,-5.215053763440864,-5.0,-20.172043010752688,-22.0,15.043010752688172,17.0,-13.752688172043008,-14.0,2.9354838709677438,1.0,-6.86021505376344,-6.0,6.290322580645167,3.0,-13.43010752688172,-11.0,10.021505376344088,12.0,-8.655913978494624,-10.0,1.0645161290322562,0.0,-14.817204301075272,-17.0,6.118279569892479,6.0,2.225806451612897,0.0,19.956989247311824,23.0,-5.053763440860216,-5.0,-10.903225806451616,-14.0,-3.4193548387096797,-4.0,-0.7096774193548387,0.0,0.0,0.0,-0.26881720430107525,0.0,-5.182795698924731,0.0,9.107526881720432,7.0,-41.903225806451616,-42.0,20.548387096774192,23.0,-2.397849462365592,1.0,-12.494623655913976,-16.0,2.2150537634408636,1.0,-0.37634408602150415,-3.0,3.0430107526881756,-1.0,0.0,0.0,0.0,0.0,-18.387096774193548,-5.0,-4.344086021505376,-6.0,-21.516129032258064,-24.0,-21.619565217391298,-17.5,4.967741935483872,4.0,5.741935483870968,3.0,-0.25,0.0,5.108695652173914,4.0,-6.641304347826086,-3.0,-0.09782608695652174,0.0,-4.228260869565219,-0.5,-4.423913043478261,0.0,-1.901098901098901,0.0,6.373626373626372,4.0,-7.406593406593407,0.0,-1.1538461538461537,0.0,-19.857142857142858,-21.0,17.362637362637358,11.0,-3.303370786516854,0.0,-26.123595505617978,-23.0,-4.359550561797753,0.0,-15.258426966292134,-16.0,10.022471910112358,8.0,-1.3146067415730338,0.0,0.0,0.0
4,2022-03-23 21:14:00.000,86.49033735943365,71.97,105.58,10.49446861896659,87.12443089135468,9.454118385005827,105.58,84.92,76.08,95.55,0.34360667138692413,0.222871,0.423967,0.03215157644669041,0.34510699493160124,0.025488838792526693,0.423967,0.352239,0.321498,0.363767,31.519287796751183,30.97,31.97,0.21055134185083021,31.519990745843916,0.17561442970886526,31.97,31.55,31.39,31.67,-0.14237194423017857,-0.26310761561710083,-0.06201161561710089,0.03215157644669054,0.14595569133473957,0.02548883879252746,0.26310761561710083,-0.13373961561710085,-0.16448061561710087,-0.12221161561710087,-3.597186940166091,-18.11752429959961,15.49247570040039,10.494468618966584,11.091787749335605,9.454118385005827,18.11752429959961,-5.167524299599606,-14.00752429959961,5.46247570040039,-0.6558285962895777,-1.2051163930409317,-0.20511639304093165,0.21055134185083127,0.6887848367583075,0.17561442970884844,1.2051163930409317,-0.6251163930409298,-0.78511639304093,-0.5051163930409288,2022-03-23 17:33:22,2022-03-23 15:05:37,147.75,14624.65,2022-03-23 21:33:22,27,4,108,,94.0,89.0,61.0,64.0,65.0,30.0,46.0,41.0,83.0,66.0,99.0,24.0,72.0,38.0,88.0,38.0,73.0,95.0,54.0,49.0,46.0,68.0,0.0,0.0,0.0,0.0,93.0,25.0,32.0,29.0,45.0,35.0,31.0,61.0,0.0,0.0,0.0,38.0,16.0,50.0,50.0,68.0,0.0,55.0,23.0,0.0,19.0,0.0,0.0,51.0,0.0,0.0,0.0,92.0,0.0,0.0,0.0,0.0,48.0,0.0,0.0,,,12.0,9.0,-2.376344086021504,-4.0,16.462365591397848,20.0,-8.150537634408607,-13.0,-5.215053763440864,-5.0,-20.172043010752688,-22.0,15.043010752688172,17.0,-13.752688172043008,-14.0,2.9354838709677438,1.0,-6.86021505376344,-6.0,6.290322580645167,3.0,-13.43010752688172,-11.0,10.021505376344088,12.0,-8.655913978494624,-10.0,1.0645161290322562,0.0,-14.817204301075272,-17.0,6.118279569892479,6.0,2.225806451612897,0.0,19.956989247311824,23.0,-5.053763440860216,-5.0,-10.903225806451616,-14.0,-3.4193548387096797,-4.0,-0.7096774193548387,0.0,0.0,0.0,-0.26881720430107525,0.0,-5.182795698924731,0.0,9.107526881720432,7.0,-41.903225806451616,-42.0,20.548387096774192,23.0,-2.397849462365592,1.0,-12.494623655913976,-16.0,2.2150537634408636,1.0,-0.37634408602150415,-3.0,3.0430107526881756,-1.0,0.0,0.0,0.0,0.0,-18.387096774193548,-5.0,-4.344086021505376,-6.0,-21.516129032258064,-24.0,-21.619565217391298,-17.5,4.967741935483872,4.0,5.741935483870968,3.0,-0.25,0.0,5.108695652173914,4.0,-6.641304347826086,-3.0,-0.09782608695652174,0.0,-4.228260869565219,-0.5,-4.423913043478261,0.0,-1.901098901098901,0.0,6.373626373626372,4.0,-7.406593406593407,0.0,-1.1538461538461537,0.0,-19.857142857142858,-21.0,17.362637362637358,11.0,-3.303370786516854,0.0,-26.123595505617978,-23.0,-4.359550561797753,0.0,-15.258426966292134,-16.0,10.022471910112358,8.0,-1.3146067415730338,0.0,0.0,0.0
5,2022-03-23 18:52:00.000,83.95891295293629,71.18,103.55,8.131104621114085,84.35156424283082,6.868806926726513,103.55,83.63,76.27,89.38,3.375348265306119,0.0,5.840528,1.154492290357805,3.5672500945007233,0.9801296473578198,5.840528,3.161197,2.347245,4.331774,33.159521032902994,32.73,33.79,0.26367052450915435,33.16056887813506,0.1969659802654162,33.79,33.11,32.97,33.23,2.8893696496890207,-0.4859786156171009,5.354549384382899,1.1544922903578052,3.1113910550032706,0.9801296473578212,5.354549384382899,2.675218384382899,1.8612663843828992,3.8457953843828996,-6.12861134666338,-18.9075242995996,13.46247570040039,8.131104621114087,10.180727037502335,6.868806926726493,18.9075242995996,-6.457524299599612,-13.817524299599611,-0.707524299599612,0.9844046398620253,0.5548836069590664,1.6148836069590686,0.26367052450915396,1.0190906166681069,0.1969659802654063,1.6148836069590686,0.9348836069590689,0.7948836069590683,1.0548836069590664,2022-03-23 15:05:37,2022-03-23 13:40:06,85.5166666666667,14476.9,2022-03-23 19:05:37,27,3,107,,92.0,74.0,18.0,57.0,61.0,34.0,49.0,33.0,85.0,59.0,94.0,30.0,61.0,26.0,94.0,50.0,69.0,100.0,23.0,43.0,32.0,61.0,10.0,0.0,0.0,0.0,75.0,54.0,25.0,8.0,33.0,20.0,0.0,51.0,0.0,0.0,0.0,38.0,48.0,50.0,36.0,63.0,0.0,37.0,24.0,0.0,23.0,0.0,0.0,37.0,0.0,0.0,23.0,81.0,16.0,52.0,0.0,19.0,36.0,0.0,0.0,,,10.0,7.0,-17.376344086021504,-19.0,-26.537634408602152,-23.0,-15.150537634408607,-20.0,-9.215053763440864,-9.0,-16.172043010752688,-18.0,18.043010752688172,20.0,-21.75268817204301,-22.0,4.935483870967744,3.0,-13.86021505376344,-13.0,1.2903225806451672,-2.0,-7.43010752688172,-5.0,-0.9784946236559122,1.0,-20.655913978494624,-22.0,7.064516129032256,6.0,-2.8172043010752716,-5.0,2.1182795698924792,2.0,7.225806451612897,5.0,-11.043010752688176,-8.0,-11.053763440860216,-11.0,-24.903225806451616,-28.0,-10.41935483870968,-11.0,9.290322580645162,10.0,0.0,0.0,-0.26881720430107525,0.0,-5.182795698924731,0.0,-8.892473118279568,-11.0,-12.903225806451616,-13.0,13.548387096774194,16.0,-23.397849462365592,-20.0,-24.494623655913976,-28.0,-12.784946236559136,-14.0,-31.376344086021504,-34.0,-6.956989247311824,-11.0,0.0,0.0,0.0,0.0,-18.387096774193548,-5.0,-4.344086021505376,-6.0,10.483870967741936,8.0,-21.619565217391298,-17.5,-9.032258064516128,-10.0,0.741935483870968,-2.0,-0.25,0.0,-12.891304347826086,-14.0,-5.641304347826086,-2.0,-0.09782608695652174,0.0,-0.22826086956521863,3.5,-4.423913043478261,0.0,-1.901098901098901,0.0,-7.626373626373628,-10.0,-7.406593406593407,0.0,-1.1538461538461537,0.0,3.1428571428571423,2.0,6.362637362637358,0.0,12.696629213483146,16.0,25.876404494382022,29.0,-4.359550561797753,0.0,3.7415730337078656,3.0,-1.9775280898876417,-4.0,-1.3146067415730338,0.0,0.0,0.0
6,2022-03-23 17:22:00.000,88.15294877134558,65.93,101.22,8.20915459316354,88.5341997685344,6.471353540217578,101.22,89.52,85.07,94.55,0.2537299004581425,0.22698,0.276934,0.01280273988708423,0.25405256201751863,0.011412472787872528,0.276934,0.251317,0.243632,0.266687,30.078188254893536,29.59,30.47,0.19477275103393593,30.07881861578191,0.15467987880246997,30.47,30.11,29.93,30.21,-0.23224871515895987,-0.2589986156171009,-0.20904461561710086,0.012802739887084203,0.2326011770695766,0.01141247278787228,0.2589986156171009,-0.23466161561710086,-0.24234661561710089,-0.21929161561710087,-1.934575528254335,-24.1575242995996,11.132475700400391,8.209154593163529,8.432362305180181,6.471353540217609,24.1575242995996,-0.5675242995996115,-5.017524299599614,4.46247570040039,-2.0969281381471876,-2.5851163930409307,-1.7051163930409317,0.19477275103393565,2.105950673885433,0.15467987880242007,2.5851163930409307,-2.065116393040931,-2.245116393040931,-1.9651163930409297,2022-03-23 13:40:06,2022-03-23 11:02:04,158.033333333333,14391.3833333333,2022-03-23 17:40:06,27,2,106,,81.0,92.0,53.0,78.0,72.0,49.0,31.0,23.0,75.0,85.0,97.0,30.0,86.0,56.0,100.0,51.0,63.0,98.0,29.0,51.0,30.0,68.0,2.0,0.0,0.0,13.0,89.0,41.0,19.0,28.0,36.0,40.0,39.0,63.0,0.0,0.0,0.0,35.0,46.0,46.0,24.0,65.0,0.0,51.0,7.0,0.0,8.0,0.0,16.0,34.0,0.0,0.0,30.0,91.0,15.0,32.0,31.0,20.0,40.0,0.0,0.0,,,-1.0,-4.0,0.6236559139784958,-1.0,8.462365591397848,12.0,5.849462365591393,1.0,1.7849462365591364,2.0,-1.172043010752688,-3.0,0.043010752688172005,2.0,-31.75268817204301,-32.0,-5.064516129032256,-7.0,12.13978494623656,13.0,4.290322580645167,1.0,-7.43010752688172,-5.0,24.021505376344088,26.0,9.344086021505376,8.0,13.064516129032256,12.0,-1.8172043010752716,-4.0,-3.8817204301075208,-4.0,5.225806451612897,3.0,-5.043010752688176,-2.0,-3.053763440860216,-3.0,-26.903225806451616,-30.0,-3.4193548387096797,-4.0,1.2903225806451613,2.0,0.0,0.0,-0.26881720430107525,0.0,7.817204301075269,13.0,5.107526881720432,3.0,-25.903225806451616,-26.0,7.548387096774194,10.0,-3.397849462365592,0.0,-21.494623655913976,-25.0,7.215053763440864,6.0,7.623655913978496,5.0,5.043010752688176,1.0,0.0,0.0,0.0,0.0,-18.387096774193548,-5.0,-7.344086021505376,-9.0,8.483870967741936,6.0,-25.619565217391298,-21.5,-21.032258064516128,-22.0,2.741935483870968,0.0,-0.25,0.0,1.108695652173914,0.0,-22.641304347826086,-19.0,-0.09782608695652174,0.0,-15.228260869565219,-11.5,-4.423913043478261,0.0,14.098901098901099,16.0,-10.626373626373628,-13.0,-7.406593406593407,0.0,-1.1538461538461537,0.0,10.142857142857142,9.0,16.362637362637358,10.0,11.696629213483146,15.0,5.876404494382022,9.0,26.640449438202246,31.0,4.741573033707866,4.0,2.0224719101123583,0.0,-1.3146067415730338,0.0,0.0,0.0
7,2022-03-23 00:35:00.000,78.83470637234481,62.15,95.5,7.609193124602421,79.2009257139347,5.975280353996642,95.5,79.62,74.42,84.15,3.86778551311954,2.793588,4.14013,0.14469556398952738,3.8704900027902984,0.11546897369293328,4.14013,3.883956,3.761924,3.985144,33.141686797167644,32.66,33.97,0.2864542346165955,33.14292421640432,0.2290992802700005,33.97,33.05,32.95,33.31,3.3818068975024285,2.307609384382899,3.6541513843828994,0.14469556398952746,3.384899699872559,0.11546897369293464,3.6541513843828994,3.397977384382899,3.275945384382899,3.4991653843828994,-11.252817927254787,-27.93752429959961,5.4124757004003925,7.609193124602417,13.58313720884482,5.975280353996639,27.93752429959961,-10.467524299599603,-15.667524299599606,-5.937524299599602,0.9665704041269122,0.48488360695906607,1.7948836069590683,0.28645423461659497,1.008107235809687,0.22909928027004045,1.7948836069590683,0.8748836069590666,0.7748836069590723,1.1348836069590718,2022-03-22 20:54:30,2022-03-22 14:30:23,384.116666666667,14233.35,2022-03-23 00:54:30,26,4,104,33.0,84.0,91.0,31.0,76.0,70.0,32.0,14.0,32.0,69.0,64.0,93.0,73.0,63.0,61.0,92.0,54.0,60.0,93.0,20.0,49.0,48.0,72.0,17.0,0.0,0.0,0.0,90.0,57.0,36.0,16.0,22.0,26.0,28.0,65.0,0.0,0.0,24.0,44.0,55.0,61.0,36.0,64.0,0.0,46.0,18.0,0.0,21.0,0.0,0.0,18.0,21.0,37.0,11.0,81.0,0.0,20.0,0.0,0.0,23.0,0.0,0.0,-4.761904761904759,0.0,2.0,-1.0,-0.37634408602150415,-2.0,-13.537634408602152,-10.0,3.8494623655913927,-1.0,-0.21505376344086358,0.0,-18.172043010752688,-20.0,-16.956989247311828,-15.0,-22.75268817204301,-23.0,-11.064516129032256,-13.0,-8.86021505376344,-8.0,0.29032258064516725,-3.0,35.56989247311828,38.0,1.0215053763440878,3.0,14.344086021505376,13.0,5.064516129032256,4.0,1.1827956989247284,-1.0,-6.881720430107521,-7.0,0.2258064516128968,-2.0,-14.043010752688176,-11.0,-5.053763440860216,-5.0,-8.903225806451616,-12.0,0.5806451612903203,0.0,16.29032258064516,17.0,0.0,0.0,-0.26881720430107525,0.0,-5.182795698924731,0.0,6.107526881720432,4.0,-9.903225806451616,-10.0,24.548387096774192,27.0,-15.397849462365592,-12.0,-35.494623655913976,-39.0,-6.784946236559136,-8.0,-3.376344086021504,-6.0,7.043010752688176,3.0,0.0,0.0,0.0,0.0,5.612903225806452,19.0,1.655913978494624,0.0,17.483870967741936,15.0,-10.619565217391298,-6.5,-9.032258064516128,-10.0,1.741935483870968,-1.0,-0.25,0.0,-3.891304347826086,-5.0,-11.641304347826086,-8.0,-0.09782608695652174,0.0,-2.2282608695652186,1.5,-4.423913043478261,0.0,-1.901098901098901,0.0,-26.626373626373628,-29.0,13.593406593406593,21.0,35.84615384615385,37.0,-8.857142857142858,-10.0,6.362637362637358,0.0,-3.303370786516854,0.0,-6.123595505617978,-3.0,-4.359550561797753,0.0,-15.258426966292134,-16.0,-14.977528089887642,-17.0,-1.3146067415730338,0.0,0.0,0.0
8,2022-03-22 18:10:00.000,75.61032486463964,58.38,86.75,8.183988222605905,76.05176522361378,7.349955497162857,86.75,77.43,68.02,83.42,0.3900897542690539,0.167794,0.4419,0.041105331953952,0.3922485958850897,0.026165246715368018,0.4419,0.397069,0.381699,0.41244,31.237971678467133,30.25,32.09,0.5626690198191335,31.24303665059419,0.5216489797306093,32.09,31.37,30.65,31.79,-0.09588886134804625,-0.3181846156171009,-0.04407861561710086,0.04110533195395204,0.10432458156521776,0.026165246715367855,0.3181846156171009,-0.08890961561710087,-0.10427961561710086,-0.0735386156171009,-14.477199434959893,-31.707524299599605,-3.3375242995996075,8.183988222605908,16.629463941176812,7.349955497162853,31.707524299599605,-12.6575242995996,-22.06752429959961,-6.667524299599606,-0.9371447145736118,-1.9251163930409305,-0.08511639304092711,0.5626690198191281,1.0930255173973904,0.5216489797306049,1.9251163930409305,-0.8051163930409295,-1.525116393040932,-0.38511639304093137,2022-03-22 14:30:23,2022-03-22 12:54:26,95.95,13849.2333333333,2022-03-22 18:30:23,26,3,103,33.0,87.0,86.0,53.0,60.0,85.0,56.0,31.0,50.0,84.0,82.0,100.0,34.0,66.0,27.0,95.0,54.0,73.0,100.0,64.0,66.0,51.0,85.0,0.0,0.0,0.0,0.0,88.0,60.0,24.0,38.0,45.0,49.0,47.0,86.0,0.0,0.0,0.0,40.0,23.0,39.0,43.0,53.0,0.0,42.0,10.0,0.0,0.0,0.0,0.0,35.0,0.0,0.0,0.0,81.0,0.0,28.0,0.0,21.0,24.0,0.0,0.0,-4.761904761904759,0.0,5.0,2.0,-5.376344086021504,-7.0,8.462365591397848,12.0,-12.150537634408607,-17.0,14.784946236559136,15.0,5.827956989247312,4.0,0.043010752688172005,2.0,-4.752688172043008,-5.0,3.9354838709677438,2.0,9.13978494623656,10.0,7.290322580645167,4.0,-3.43010752688172,-1.0,4.021505376344088,6.0,-19.655913978494624,-21.0,8.064516129032256,7.0,1.1827956989247284,-1.0,6.118279569892479,6.0,7.225806451612897,5.0,29.956989247311824,33.0,11.946236559139784,12.0,-5.903225806451616,-9.0,13.58064516129032,13.0,-0.7096774193548387,0.0,0.0,0.0,-0.26881720430107525,0.0,-5.182795698924731,0.0,4.107526881720432,2.0,-6.903225806451616,-7.0,12.548387096774194,15.0,6.602150537634408,10.0,-12.494623655913976,-16.0,16.215053763440864,15.0,15.623655913978496,13.0,28.043010752688176,24.0,0.0,0.0,0.0,0.0,-18.387096774193548,-5.0,-2.344086021505376,-4.0,-14.516129032258064,-17.0,-32.6195652173913,-28.5,-2.032258064516128,-3.0,-9.258064516129032,-12.0,-0.25,0.0,-7.891304347826086,-9.0,-19.641304347826086,-16.0,-0.09782608695652174,0.0,-23.22826086956522,-19.5,-4.423913043478261,0.0,-1.901098901098901,0.0,-9.626373626373628,-12.0,-7.406593406593407,0.0,-1.1538461538461537,0.0,-19.857142857142858,-21.0,6.362637362637358,0.0,-3.303370786516854,0.0,1.8764044943820224,5.0,-4.359550561797753,0.0,5.741573033707866,5.0,-13.977528089887642,-16.0,-1.3146067415730338,0.0,0.0,0.0
9,2022-03-22 16:40:00.000,90.59809662640556,65.35,133.83,14.287122316407638,91.71723917049569,11.36749530816411,133.83,88.28,79.32,99.43,0.3044652003331952,0.256174,0.379137,0.029057368284256785,0.30584806229176137,0.025703238880579023,0.379137,0.290757,0.283072,0.331745,30.074956268221484,29.67,30.61,0.19414665892069385,30.07558265041189,0.15190716210324787,30.61,30.07,29.93,30.19,-0.18151341528390716,-0.22980461561710086,-0.10684161561710087,0.029057368284256875,0.18382355377296253,0.025703238880578443,0.22980461561710086,-0.19522161561710089,-0.20290661561710088,-0.15423361561710086,0.5105723268060638,-24.737524299599613,43.742475700400405,14.28712231640763,14.293268794479992,11.36749530816409,43.742475700400405,-1.8075242995996064,-10.767524299599614,9.3424757004004,-2.100160124819369,-2.505116393040929,-1.565116393040931,0.1941466589206922,2.10911113415274,0.1519071621032522,2.505116393040929,-2.1051163930409302,-2.245116393040931,-1.9851163930409292,2022-03-22 12:54:26,2022-03-22 09:30:32,203.9,13753.2833333333,2022-03-22 16:54:26,26,2,102,33.0,95.0,100.0,46.0,34.0,53.0,35.0,50.0,49.0,90.0,87.0,100.0,14.0,67.0,45.0,85.0,55.0,52.0,99.0,31.0,62.0,30.0,59.0,1.0,0.0,0.0,0.0,76.0,68.0,30.0,46.0,50.0,46.0,18.0,71.0,0.0,0.0,0.0,44.0,53.0,46.0,47.0,79.0,0.0,64.0,22.0,0.0,26.0,0.0,0.0,24.0,0.0,0.0,5.0,82.0,0.0,15.0,0.0,30.0,45.0,0.0,0.0,-4.761904761904759,0.0,13.0,10.0,8.623655913978496,7.0,1.4623655913978482,5.0,-38.15053763440861,-43.0,-17.215053763440864,-17.0,-15.172043010752688,-17.0,19.043010752688172,21.0,-5.752688172043008,-6.0,9.935483870967744,8.0,14.13978494623656,15.0,7.290322580645167,4.0,-23.43010752688172,-21.0,5.021505376344088,7.0,-1.655913978494624,-3.0,-1.9354838709677438,-3.0,2.1827956989247284,0.0,-14.88172043010752,-15.0,6.225806451612897,4.0,-3.0430107526881756,0.0,7.946236559139784,8.0,-26.903225806451616,-30.0,-12.41935483870968,-13.0,0.29032258064516125,1.0,0.0,0.0,-0.26881720430107525,0.0,-5.182795698924731,0.0,-7.892473118279568,-10.0,1.0967741935483843,1.0,18.548387096774192,21.0,14.602150537634408,18.0,-7.494623655913976,-11.0,13.215053763440864,12.0,-13.376344086021504,-16.0,13.043010752688176,9.0,0.0,0.0,0.0,0.0,-18.387096774193548,-5.0,1.655913978494624,0.0,15.483870967741936,13.0,-25.619565217391298,-21.5,1.9677419354838719,1.0,16.741935483870968,14.0,-0.25,0.0,14.108695652173914,13.0,-7.641304347826086,-4.0,-0.09782608695652174,0.0,2.7717391304347814,6.5,-4.423913043478261,0.0,-1.901098901098901,0.0,-20.626373626373628,-23.0,-7.406593406593407,0.0,-1.1538461538461537,0.0,-14.857142857142858,-16.0,7.362637362637358,1.0,-3.303370786516854,0.0,-11.123595505617978,-8.0,-4.359550561797753,0.0,14.741573033707866,14.0,7.022471910112358,5.0,-1.3146067415730338,0.0,0.0,0.0
10,2022-03-19 00:32:00.000,109.43366513952556,62.77,134.72,22.542692527612758,111.7304273763758,19.425352389440622,134.72,110.02,92.23,132.95,6.465362097875884,4.253641,8.446597,0.8278049864715096,6.518119571298159,0.6421186952840179,8.446597,6.607978,6.062328,7.035288,34.63066222407339,32.47,35.27,0.39274623224573174,34.63288829186617,0.25735169002362296,35.27,34.73,34.57,34.87,5.97938348225879,3.7676623843828994,7.9606183843829,0.8278049864715091,6.036389857936534,0.6421186952840162,7.9606183843829,6.1219993843828995,5.576349384382899,6.5493093843829,19.3461408399256,-27.317524299599604,44.63247570040039,22.54269252761278,29.702432581122512,19.42535238944061,44.63247570040039,19.93247570040039,2.1424757004003965,42.86247570040038,2.455545831032358,0.29488360695906835,3.0948836069590726,0.3927462322457307,2.486742987794289,0.2573516900236501,3.0948836069590726,2.5548836069590664,2.3948836069590698,2.694883606959067,2022-03-18 20:45:48,2022-03-18 14:25:12,380.6,12201.9666666667,2022-03-19 00:45:48,22,4,88,37.0,89.0,99.0,31.0,94.0,57.0,80.0,31.0,42.0,95.0,62.0,100.0,73.0,74.0,41.0,95.0,46.0,63.0,97.0,22.0,49.0,73.0,66.0,0.0,0.0,0.0,0.0,90.0,17.0,4.0,35.0,63.0,32.0,0.0,79.0,0.0,0.0,23.0,45.0,66.0,59.0,39.0,80.0,0.0,31.0,49.0,0.0,16.0,0.0,0.0,64.0,0.0,57.0,21.0,95.0,0.0,42.0,0.0,18.0,37.0,0.0,0.0,-0.7619047619047592,4.0,7.0,4.0,7.623655913978496,6.0,-13.537634408602152,-10.0,21.849462365591393,17.0,-13.215053763440864,-13.0,29.827956989247312,28.0,0.043010752688172005,2.0,-12.752688172043008,-13.0,14.935483870967744,13.0,-10.86021505376344,-10.0,7.290322580645167,4.0,35.56989247311828,38.0,12.021505376344088,14.0,-5.655913978494624,-7.0,8.064516129032256,7.0,-6.817204301075272,-9.0,-3.8817204301075208,-4.0,4.225806451612897,2.0,-12.043010752688176,-9.0,-5.053763440860216,-5.0,16.096774193548384,13.0,-5.41935483870968,-6.0,-0.7096774193548387,0.0,0.0,0.0,-0.26881720430107525,0.0,-5.182795698924731,0.0,6.107526881720432,4.0,-49.903225806451616,-50.0,-7.451612903225806,-5.0,3.602150537634408,7.0,5.505376344086024,2.0,-0.7849462365591364,-2.0,-31.376344086021504,-34.0,21.043010752688176,17.0,0.0,0.0,0.0,0.0,4.612903225806452,18.0,2.655913978494624,1.0,28.483870967741936,26.0,-12.619565217391298,-8.5,-6.032258064516128,-7.0,17.741935483870968,15.0,-0.25,0.0,-18.891304347826086,-20.0,19.358695652173914,23.0,-0.09782608695652174,0.0,-7.228260869565219,-3.5,-4.423913043478261,0.0,-1.901098901098901,0.0,19.373626373626372,17.0,-7.406593406593407,0.0,55.84615384615385,57.0,1.1428571428571423,0.0,20.362637362637358,14.0,-3.303370786516854,0.0,15.876404494382022,19.0,-4.359550561797753,0.0,2.7415730337078656,2.0,-0.9775280898876417,-3.0,-1.3146067415730338,0.0,0.0,0.0
11,2022-03-18 17:56:00.000,79.04508954602231,67.43,91.83,6.132272206862767,79.28250299803014,5.170316852220933,91.83,79.73,73.28,83.18,0.2590026622240727,0.154985,0.311251,0.016799236593705028,0.2595466737389473,0.012591586985222942,0.311251,0.257455,0.249769,0.267701,29.356080799666653,28.51,29.99,0.4621936915068104,29.359717538704704,0.4270456933379158,29.99,29.55,28.89,29.77,-0.226975953393028,-0.33099361561710083,-0.17472761561710087,0.016799236593705007,0.22759652947368753,0.012591586985222931,0.33099361561710083,-0.22852361561710088,-0.23620961561710088,-0.21827761561710085,-11.042434753577163,-22.6575242995996,1.7424757004003908,6.132272206862756,12.630299504799819,5.170316852220894,22.6575242995996,-10.357524299599604,-16.807524299599606,-6.907524299599601,-2.8190355933741613,-3.665116393040929,-2.185116393040932,0.4621936915068136,2.856658137170755,0.4270456933379016,3.665116393040929,-2.62511639304093,-3.28511639304093,-2.405116393040931,2022-03-18 14:25:12,2022-03-18 11:11:30,193.7,11821.3666666667,2022-03-18 18:25:12,22,3,87,37.0,85.0,90.0,71.0,88.0,70.0,23.0,17.0,34.0,68.0,67.0,93.0,33.0,94.0,32.0,74.0,66.0,90.0,95.0,20.0,37.0,56.0,73.0,0.0,0.0,0.0,0.0,67.0,86.0,24.0,22.0,47.0,25.0,44.0,65.0,0.0,0.0,0.0,37.0,10.0,58.0,54.0,61.0,0.0,60.0,38.0,0.0,30.0,0.0,0.0,57.0,0.0,0.0,3.0,84.0,0.0,21.0,0.0,22.0,35.0,0.0,0.0,-0.7619047619047592,4.0,3.0,0.0,-1.3763440860215042,-3.0,26.462365591397848,30.0,15.849462365591393,11.0,-0.21505376344086358,0.0,-27.172043010752688,-29.0,-13.956989247311828,-12.0,-20.75268817204301,-21.0,-12.064516129032256,-14.0,-5.86021505376344,-5.0,0.29032258064516725,-3.0,-4.43010752688172,-2.0,32.02150537634409,34.0,-14.655913978494624,-16.0,-12.935483870967744,-14.0,13.182795698924728,11.0,23.11827956989248,23.0,2.225806451612897,0.0,-14.043010752688176,-11.0,-17.053763440860216,-17.0,-0.9032258064516157,-4.0,1.5806451612903203,1.0,-0.7096774193548387,0.0,0.0,0.0,-0.26881720430107525,0.0,-5.182795698924731,0.0,-16.892473118279568,-19.0,19.096774193548384,19.0,12.548387096774194,15.0,-9.397849462365592,-6.0,-10.494623655913976,-14.0,-7.784946236559136,-9.0,12.623655913978496,10.0,7.043010752688176,3.0,0.0,0.0,0.0,0.0,-18.387096774193548,-5.0,-5.344086021505376,-7.0,-27.516129032258064,-30.0,-13.619565217391298,-9.5,8.967741935483872,8.0,-1.258064516129032,-4.0,-0.25,0.0,10.108695652173914,9.0,8.358695652173914,12.0,-0.09782608695652174,0.0,6.771739130434781,10.5,-4.423913043478261,0.0,-1.901098901098901,0.0,12.373626373626372,10.0,-7.406593406593407,0.0,-1.1538461538461537,0.0,-16.857142857142858,-18.0,9.362637362637358,3.0,-3.303370786516854,0.0,-5.123595505617978,-2.0,-4.359550561797753,0.0,6.741573033707866,6.0,-2.9775280898876417,-5.0,-1.3146067415730338,0.0,0.0,0.0
12,2022-03-18 14:53:00.000,171.96005830903806,135.65,199.53,17.304230946888854,172.82816133114565,13.879869587865995,199.53,174.43,164.13,185.78,0.3144294131611814,0.276668,0.366328,0.017060495716837237,0.31489171972328195,0.014795951997301982,0.366328,0.312532,0.298442,0.327902,32.45448979591836,31.63,32.81,0.3647832689876717,32.45653893016446,0.313130753342573,32.81,32.65,32.18,32.73,-0.1715492024559185,-0.20931061561710085,-0.11965061561710089,0.01706049571683749,0.17239509318035148,0.014795951997302062,0.20931061561710085,-0.1734466156171009,-0.1875366156171009,-0.15807661561710085,81.8725340094385,45.5624757004004,109.4424757004004,17.304230946888847,83.68048470571546,13.879869587866063,109.4424757004004,84.3424757004004,74.04247570040039,95.6924757004004,0.27937340287743984,-0.5451163930409315,0.6348836069590718,0.3647832689876686,0.4594136590775513,0.3131307533425692,0.6348836069590718,0.47488360695906806,0.004883606959069198,0.5548836069590664,2022-03-18 11:11:30,2022-03-18 09:57:01,74.4833333333333,11627.6666666667,2022-03-18 15:11:30,22,2,86,37.0,90.0,95.0,66.0,90.0,75.0,62.0,51.0,79.0,97.0,73.0,100.0,63.0,55.0,57.0,96.0,58.0,60.0,90.0,45.0,82.0,68.0,88.0,0.0,0.0,0.0,0.0,94.0,68.0,8.0,8.0,46.0,45.0,34.0,77.0,0.0,0.0,0.0,0.0,46.0,69.0,62.0,71.0,0.0,49.0,0.0,0.0,24.0,0.0,0.0,43.0,0.0,0.0,24.0,84.0,0.0,17.0,0.0,43.0,34.0,0.0,0.0,-0.7619047619047592,4.0,8.0,5.0,3.623655913978496,2.0,21.462365591397848,25.0,17.849462365591393,13.0,4.784946236559136,5.0,11.827956989247312,10.0,20.043010752688172,22.0,24.24731182795699,24.0,16.935483870967744,15.0,0.1397849462365599,1.0,7.290322580645167,4.0,25.56989247311828,28.0,-6.978494623655912,-5.0,10.344086021505376,9.0,9.064516129032256,8.0,5.182795698924728,3.0,-6.881720430107521,-7.0,-2.774193548387103,-5.0,10.956989247311824,14.0,27.946236559139784,28.0,11.096774193548384,8.0,16.58064516129032,16.0,-0.7096774193548387,0.0,0.0,0.0,-0.26881720430107525,0.0,-5.182795698924731,0.0,10.107526881720432,8.0,1.0967741935483843,1.0,-3.451612903225806,-1.0,-23.397849462365592,-20.0,-11.494623655913976,-15.0,12.215053763440864,11.0,2.623655913978496,0.0,19.043010752688176,15.0,0.0,0.0,0.0,0.0,-18.387096774193548,-5.0,-42.344086021505376,-44.0,8.483870967741936,6.0,-2.6195652173912976,1.5,16.967741935483872,16.0,8.741935483870968,6.0,-0.25,0.0,-0.891304347826086,-2.0,-29.641304347826086,-26.0,-0.09782608695652174,0.0,0.7717391304347814,4.5,-4.423913043478261,0.0,-1.901098901098901,0.0,-1.6263736263736277,-4.0,-7.406593406593407,0.0,-1.1538461538461537,0.0,4.142857142857142,3.0,9.362637362637358,3.0,-3.303370786516854,0.0,-9.123595505617978,-6.0,-4.359550561797753,0.0,27.741573033707866,27.0,-3.9775280898876417,-6.0,-1.3146067415730338,0.0,0.0,0.0
13,2022-03-18 13:46:59.250,135.15547717842324,1.0,169.46,21.667835307100617,136.87954949562197,17.38201270639281,169.46,126.12,122.13,156.0,0.22698877178423202,0.174198,0.299723,0.026743316366371866,0.22855713852889525,0.022771701494464603,0.299723,0.226714,0.203658,0.252331,34.04001037344416,33.15,34.49,0.40553427433408623,34.04242344005789,0.3416659707993306,34.49,34.25,33.675,34.33,-0.25898984383286844,-0.3117806156171009,-0.18625561561710086,0.026743316366371853,0.2603655166587459,0.022771701494464617,0.3117806156171009,-0.2592646156171009,-0.28232061561710087,-0.23364761561710085,45.06795287882351,-89.08752429959961,79.3724757004004,21.667835307100642,50.00128433835541,17.382012706392764,89.08752429959961,36.0324757004004,32.04247570040039,65.91247570040039,1.8648939804030515,0.9748836069590681,2.3148836069590715,0.4055342743340865,1.90843312855565,0.341665970799402,2.3148836069590715,2.0748836069590695,1.4998836069590684,2.1548836069590678,2022-03-18 09:57:01,2022-03-17 20:37:10,0.0,11553.1833333333,2022-03-18 13:57:01,22,1,85,37.0,94.0,95.0,58.0,93.0,66.0,79.0,43.0,22.0,76.0,78.0,96.0,54.0,60.0,52.0,86.0,36.0,74.0,96.0,43.0,45.0,65.0,80.0,0.0,0.0,0.0,0.0,80.0,59.0,0.0,17.0,35.0,41.0,36.0,57.0,0.0,0.0,41.0,53.0,65.0,100.0,36.0,57.0,0.0,47.0,22.0,0.0,25.0,0.0,0.0,47.0,0.0,0.0,31.0,87.0,0.0,54.0,0.0,25.0,48.0,0.0,0.0,-0.7619047619047592,4.0,12.0,9.0,3.623655913978496,2.0,13.462365591397848,17.0,20.849462365591393,16.0,-4.215053763440864,-4.0,28.827956989247312,27.0,12.043010752688172,14.0,-32.75268817204301,-33.0,-4.064516129032256,-6.0,5.13978494623656,6.0,3.2903225806451672,0.0,16.56989247311828,19.0,-1.9784946236559122,0.0,5.344086021505376,4.0,-0.9354838709677438,-2.0,-16.81720430107527,-19.0,7.118279569892479,7.0,3.225806451612897,1.0,8.956989247311824,12.0,-9.053763440860216,-9.0,8.096774193548384,5.0,8.58064516129032,8.0,-0.7096774193548387,0.0,0.0,0.0,-0.26881720430107525,0.0,-5.182795698924731,0.0,-3.892473118279568,-6.0,-7.903225806451616,-8.0,-11.451612903225806,-9.0,-14.397849462365592,-11.0,-22.494623655913976,-26.0,8.215053763440864,7.0,4.623655913978496,2.0,-0.9569892473118244,-5.0,0.0,0.0,0.0,0.0,22.612903225806452,36.0,10.655913978494624,9.0,27.483870967741936,25.0,28.380434782608702,32.5,-9.032258064516128,-10.0,-5.258064516129032,-8.0,-0.25,0.0,-2.891304347826086,-4.0,-7.641304347826086,-4.0,-0.09782608695652174,0.0,1.7717391304347814,5.5,-4.423913043478261,0.0,-1.901098901098901,0.0,2.3736263736263723,0.0,-7.406593406593407,0.0,-1.1538461538461537,0.0,11.142857142857142,10.0,12.362637362637358,6.0,-3.303370786516854,0.0,27.876404494382022,31.0,-4.359550561797753,0.0,9.741573033707866,9.0,10.022471910112358,8.0,-1.3146067415730338,0.0,0.0,0.0
14,2022-03-18 00:25:00.000,99.88977509371081,79.18,127.45,13.829766692996996,100.84220324626091,11.139182081046673,127.45,99.77,86.05,109.2,0.3211586676384838,0.11784,0.489292,0.041604288052849624,0.32384114264368147,0.02878077137441521,0.489292,0.32406,0.307408,0.345834,30.242303206997086,28.25,31.13,0.6921378003648416,30.25021914756381,0.5108541994771354,31.13,30.35,30.03,30.79,-0.16481994797861627,-0.3681386156171009,0.0033133843828991316,0.04160428805284962,0.169987679321511,0.028780771374415183,0.3681386156171009,-0.16191861561710086,-0.17857061561710086,-0.1401446156171009,9.80225079411132,-10.9075242995996,37.362475700400395,13.829766692996982,16.94895005357806,11.139182081046679,37.362475700400395,9.682475700400389,-4.03752429959961,19.112475700400395,-1.9328131860438316,-3.9251163930409305,-1.0451163930409315,0.692137800364841,2.0529544621919813,0.5108541994771324,3.9251163930409305,-1.825116393040929,-2.1451163930409294,-1.3851163930409314,2022-03-17 20:37:10,2022-03-17 16:57:35,219.583333333333,11553.1833333333,2022-03-18 00:37:10,21,4,84,,90.0,82.0,65.0,82.0,57.0,52.0,36.0,31.0,78.0,76.0,87.0,24.0,66.0,61.0,82.0,28.0,64.0,91.0,50.0,68.0,61.0,77.0,0.0,0.0,0.0,0.0,91.0,57.0,9.0,50.0,33.0,54.0,29.0,52.0,0.0,0.0,14.0,30.0,33.0,67.0,43.0,52.0,0.0,47.0,19.0,0.0,15.0,0.0,0.0,56.0,0.0,0.0,24.0,74.0,,,,,,,,,,8.0,5.0,-9.376344086021504,-11.0,20.462365591397848,24.0,9.849462365591393,5.0,-13.215053763440864,-13.0,1.827956989247312,0.0,5.043010752688172,7.0,-23.75268817204301,-24.0,-2.0645161290322562,-4.0,3.13978494623656,4.0,-5.709677419354833,-9.0,-13.43010752688172,-11.0,4.021505376344088,6.0,14.344086021505376,13.0,-4.935483870967744,-6.0,-24.81720430107527,-27.0,-2.8817204301075208,-3.0,-1.7741935483871032,-4.0,15.956989247311824,19.0,13.946236559139784,14.0,4.096774193548384,1.0,5.58064516129032,5.0,-0.7096774193548387,0.0,0.0,0.0,-0.26881720430107525,0.0,-5.182795698924731,0.0,7.107526881720432,5.0,-9.903225806451616,-10.0,-2.451612903225806,0.0,18.602150537634408,22.0,-24.494623655913976,-28.0,21.215053763440864,20.0,-2.376344086021504,-5.0,-5.956989247311824,-10.0,0.0,0.0,0.0,0.0,-4.387096774193548,9.0,-12.344086021505376,-14.0,-4.516129032258064,-7.0,-4.6195652173912976,-0.5,-2.032258064516128,-3.0,-10.258064516129032,-13.0,-0.25,0.0,-2.891304347826086,-4.0,-10.641304347826086,-7.0,-0.09782608695652174,0.0,-8.228260869565219,-4.5,-4.423913043478261,0.0,-1.901098901098901,0.0,11.373626373626372,9.0,-7.406593406593407,0.0,-1.1538461538461537,0.0,4.142857142857142,3.0,-0.6373626373626422,-7.0,,,,,,,,,,,,,,
15,2022-03-17 20:42:00.000,84.106209912536,69.98,104.65,9.726453334211028,84.66651663108811,8.318157813253174,104.65,82.52,75.32,91.42,0.2623381516034994,0.029727,0.454708,0.08901325732173897,0.2770223199325028,0.0679717889411964,0.454708,0.243632,0.228261,0.313813,30.210341524364885,29.59,30.79,0.35258103084611764,30.212398061498014,0.31611473839254073,30.79,30.11,29.89,30.59,-0.22364046401360174,-0.45625161561710087,-0.03127061561710087,0.08901325732173895,0.24069714808918044,0.0679717889411964,0.45625161561710087,-0.24234661561710089,-0.2577176156171009,-0.17216561561710086,-5.981314387063215,-20.107524299599604,14.562475700400398,9.726453334211044,11.416681408691455,8.318157813253192,20.107524299599604,-7.5675242995996115,-14.767524299599614,1.3324757004003942,-1.9647748686760924,-2.5851163930409307,-1.3851163930409314,0.3525810308461134,1.9961467611936263,0.3161147383925262,2.5851163930409307,-2.065116393040931,-2.28511639304093,-1.5851163930409307,2022-03-17 16:57:35,2022-03-17 12:56:22,241.216666666667,11333.6,2022-03-17 20:57:35,21,3,83,,99.0,94.0,69.0,94.0,75.0,87.0,29.0,54.0,78.0,67.0,99.0,58.0,87.0,48.0,98.0,72.0,86.0,100.0,46.0,64.0,80.0,93.0,0.0,0.0,0.0,0.0,84.0,55.0,26.0,61.0,87.0,15.0,25.0,67.0,0.0,0.0,0.0,34.0,52.0,44.0,48.0,73.0,0.0,52.0,25.0,0.0,15.0,0.0,0.0,43.0,0.0,0.0,20.0,73.0,0.0,22.0,0.0,16.0,52.0,0.0,0.0,,,17.0,14.0,2.623655913978496,1.0,24.462365591397848,28.0,21.849462365591393,17.0,4.784946236559136,5.0,36.82795698924731,35.0,-1.956989247311828,0.0,-0.7526881720430083,-1.0,-2.0645161290322562,-4.0,-5.86021505376344,-5.0,6.290322580645167,3.0,20.56989247311828,23.0,25.021505376344088,27.0,1.344086021505376,0.0,11.064516129032256,10.0,19.18279569892473,17.0,19.11827956989248,19.0,7.225806451612897,5.0,11.956989247311824,15.0,9.946236559139784,10.0,23.096774193548384,20.0,21.58064516129032,21.0,-0.7096774193548387,0.0,0.0,0.0,-0.26881720430107525,0.0,-5.182795698924731,0.0,0.10752688172043179,-2.0,-11.903225806451616,-12.0,14.548387096774194,17.0,29.602150537634408,33.0,29.505376344086024,26.0,-17.784946236559136,-19.0,-6.376344086021504,-9.0,9.043010752688176,5.0,0.0,0.0,0.0,0.0,-18.387096774193548,-5.0,-8.344086021505376,-10.0,14.483870967741936,12.0,-27.619565217391298,-23.5,2.967741935483872,2.0,10.741935483870968,8.0,-0.25,0.0,2.108695652173914,1.0,-4.641304347826086,-1.0,-0.09782608695652174,0.0,-8.228260869565219,-4.5,-4.423913043478261,0.0,-1.901098901098901,0.0,-1.6263736263736277,-4.0,-7.406593406593407,0.0,-1.1538461538461537,0.0,0.14285714285714235,-1.0,-1.6373626373626422,-8.0,-3.303370786516854,0.0,-4.123595505617978,-1.0,-4.359550561797753,0.0,0.7415730337078656,0.0,14.022471910112358,12.0,-1.3146067415730338,0.0,0.0,0.0
16,2022-03-17 16:43:00.000,84.21229904206587,65.22,115.55,11.869668243561149,85.04435110489209,9.81466478374537,115.55,81.33,76.33,92.58,0.3491596147438588,0.312532,0.391946,0.013929290147692393,0.349437234538572,0.011048830674987783,0.391946,0.348396,0.340711,0.358643,29.907784256559633,29.51,30.33,0.2108247813597176,29.908527006749214,0.17535939228427366,30.33,29.83,29.79,30.13,-0.13681900087324572,-0.1734466156171009,-0.09403261561710086,0.013929290147692355,0.13752593687679804,0.011048830674987862,0.1734466156171009,-0.1375826156171009,-0.1452676156171009,-0.12733561561710088,-5.875225257533809,-24.86752429959961,25.46247570040039,11.869668243561142,13.241926473462657,9.814664783745362,25.46247570040039,-8.75752429959961,-13.75752429959961,2.492475700400391,-2.267332136481171,-2.665116393040929,-1.8451163930409322,0.21082478135972246,2.2771086038326533,0.1753593922843152,2.665116393040929,-2.3451163930409322,-2.3851163930409314,-2.0451163930409315,2022-03-17 12:56:22,2022-03-17 10:37:31,138.85,11092.3833333333,2022-03-17 16:56:22,21,2,82,,93.0,96.0,69.0,28.0,57.0,40.0,50.0,84.0,90.0,77.0,100.0,16.0,65.0,56.0,94.0,68.0,70.0,99.0,28.0,69.0,67.0,81.0,0.0,0.0,0.0,0.0,85.0,58.0,14.0,35.0,49.0,28.0,23.0,69.0,0.0,0.0,0.0,22.0,21.0,66.0,50.0,71.0,0.0,38.0,46.0,0.0,17.0,0.0,0.0,42.0,0.0,0.0,25.0,93.0,0.0,26.0,0.0,7.0,39.0,0.0,0.0,,,11.0,8.0,4.623655913978496,3.0,24.462365591397848,28.0,-44.15053763440861,-49.0,-13.215053763440864,-13.0,-10.172043010752688,-12.0,19.043010752688172,21.0,29.24731182795699,29.0,9.935483870967744,8.0,4.13978494623656,5.0,7.290322580645167,4.0,-21.43010752688172,-19.0,3.021505376344088,5.0,9.344086021505376,8.0,7.064516129032256,6.0,15.182795698924728,13.0,3.1182795698924792,3.0,6.225806451612897,4.0,-6.043010752688176,-3.0,14.946236559139784,15.0,10.096774193548384,7.0,9.58064516129032,9.0,-0.7096774193548387,0.0,0.0,0.0,-0.26881720430107525,0.0,-5.182795698924731,0.0,1.1075268817204318,-1.0,-8.903225806451616,-9.0,2.548387096774194,5.0,3.602150537634408,7.0,-8.494623655913976,-12.0,-4.784946236559136,-6.0,-8.376344086021504,-11.0,11.043010752688176,7.0,0.0,0.0,0.0,0.0,-18.387096774193548,-5.0,-20.344086021505376,-22.0,-16.516129032258064,-19.0,-5.6195652173912976,-1.5,4.967741935483872,4.0,8.741935483870968,6.0,-0.25,0.0,-11.891304347826086,-13.0,16.358695652173914,20.0,-0.09782608695652174,0.0,-6.228260869565219,-2.5,-4.423913043478261,0.0,-1.901098901098901,0.0,-2.6263736263736277,-5.0,-7.406593406593407,0.0,-1.1538461538461537,0.0,5.142857142857142,4.0,18.362637362637358,12.0,-3.303370786516854,0.0,-0.12359550561797761,3.0,-4.359550561797753,0.0,-8.258426966292134,-9.0,1.0224719101123583,-1.0,-1.3146067415730338,0.0,0.0,0.0
17,2022-03-17 00:37:00.000,92.55336942940471,75.85,123.65,11.257318227885426,93.2351898448542,8.590998440362506,123.65,90.97,83.1,96.85,4.109261006247407,0.174465,8.75897,2.5063514842545547,4.813024771855183,2.357457912856661,8.75897,4.26645,1.635022,6.515756,34.41653061224494,32.93,35.73,0.6496918500335365,34.4226597328278,0.5307020034169454,35.73,34.41,33.99,34.87,3.6232823906302825,-0.3115136156171009,8.272991384382898,2.5063514842545547,4.405378158487404,2.357457912856662,8.272991384382898,3.780471384382899,1.149043384382899,6.029777384382899,2.4658451298047965,-14.237524299599613,33.5624757004004,11.257318227885444,11.521928001617258,8.590998440362469,33.5624757004004,0.8824757004003914,-6.987524299599613,6.762475700400387,2.241414219203956,0.7548836069590692,3.5548836069590664,0.6496918500335365,2.3336369470225575,0.5307020034169425,3.5548836069590664,2.234883606959066,1.8148836069590715,2.694883606959067,2022-03-16 20:53:23,2022-03-16 14:51:48,361.583333333333,10953.5333333333,2022-03-17 00:53:23,20,4,80,33.0,85.0,91.0,57.0,87.0,70.0,50.0,21.0,77.0,89.0,78.0,97.0,76.0,71.0,86.0,97.0,60.0,86.0,96.0,33.0,53.0,76.0,90.0,0.0,0.0,0.0,0.0,90.0,60.0,0.0,0.0,67.0,32.0,12.0,49.0,0.0,0.0,4.0,0.0,46.0,61.0,43.0,67.0,0.0,67.0,0.0,0.0,20.0,0.0,0.0,42.0,7.0,0.0,23.0,81.0,0.0,32.0,0.0,21.0,54.0,28.0,0.0,-4.761904761904759,0.0,3.0,0.0,-0.37634408602150415,-2.0,12.462365591397848,16.0,14.849462365591393,10.0,-0.21505376344086358,0.0,-0.17204301075268802,-2.0,-9.956989247311828,-8.0,22.24731182795699,22.0,8.935483870967744,7.0,5.13978494623656,6.0,4.290322580645167,1.0,38.56989247311828,41.0,9.021505376344088,11.0,39.344086021505376,38.0,10.064516129032256,9.0,7.182795698924728,5.0,19.11827956989248,19.0,3.225806451612897,1.0,-1.0430107526881756,2.0,-1.053763440860216,-1.0,19.096774193548384,16.0,18.58064516129032,18.0,-0.7096774193548387,0.0,0.0,0.0,-0.26881720430107525,0.0,-5.182795698924731,0.0,6.107526881720432,4.0,-6.903225806451616,-7.0,-11.451612903225806,-9.0,-31.397849462365592,-28.0,9.505376344086024,6.0,-0.7849462365591364,-2.0,-19.376344086021504,-22.0,-8.956989247311824,-13.0,0.0,0.0,0.0,0.0,-14.387096774193548,-1.0,-42.344086021505376,-44.0,8.483870967741936,6.0,-10.619565217391298,-6.5,-2.032258064516128,-3.0,4.741935483870968,2.0,-0.25,0.0,17.108695652173914,16.0,-29.641304347826086,-26.0,-0.09782608695652174,0.0,-3.2282608695652186,0.5,-4.423913043478261,0.0,-1.901098901098901,0.0,-2.6263736263736277,-5.0,-0.4065934065934069,7.0,-1.1538461538461537,0.0,3.1428571428571423,2.0,6.362637362637358,0.0,-3.303370786516854,0.0,5.876404494382022,9.0,-4.359550561797753,0.0,5.741573033707866,5.0,16.02247191011236,14.0,26.685393258426966,28.0,0.0,0.0
18,2022-03-16 18:38:00.000,102.22099958350653,81.38,117.17,9.406708483864932,102.65272556767444,8.370216158372115,117.17,102.12,93.33,110.97,4.582046404831316,1.807999,6.453571,0.8557019290883432,4.661230532859643,0.7276477373546797,6.453571,4.390694,3.893854,5.426808,30.52344439816765,29.49,31.31,0.4451155350145782,30.526688376708034,0.364493636467246,31.31,30.51,30.21,30.87,4.096067789214218,1.322020384382899,5.9675923843828995,0.8557019290883433,4.184458406804109,0.7276477373546804,5.9675923843828995,3.9047153843828992,3.4078753843828995,4.9408293843829,12.13347528390731,-8.707524299599612,27.082475700400394,9.40670848386491,15.351564515911077,8.370216158372124,27.082475700400394,12.032475700400397,3.242475700400391,20.88247570040039,-1.6516719948735095,-2.685116393040932,-0.8651163930409318,0.4451155350145787,1.7105746693077042,0.36449363646724325,2.685116393040932,-1.665116393040929,-1.9651163930409297,-1.3051163930409295,2022-03-16 14:51:48,2022-03-16 13:04:12,107.6,10591.95,2022-03-16 18:51:48,20,3,79,33.0,96.0,100.0,76.0,84.0,72.0,64.0,35.0,44.0,82.0,92.0,100.0,22.0,65.0,36.0,100.0,60.0,62.0,100.0,33.0,73.0,63.0,86.0,0.0,0.0,0.0,0.0,84.0,48.0,31.0,24.0,52.0,60.0,0.0,76.0,0.0,0.0,0.0,0.0,12.0,56.0,57.0,80.0,0.0,59.0,18.0,0.0,36.0,0.0,0.0,56.0,0.0,0.0,36.0,84.0,0.0,25.0,0.0,37.0,42.0,0.0,0.0,-4.761904761904759,0.0,14.0,11.0,8.623655913978496,7.0,31.462365591397848,35.0,11.849462365591393,7.0,1.7849462365591364,2.0,13.827956989247312,12.0,4.043010752688172,6.0,-10.752688172043008,-11.0,1.9354838709677438,0.0,19.13978494623656,20.0,7.290322580645167,4.0,-15.43010752688172,-13.0,3.021505376344088,5.0,-10.655913978494624,-12.0,13.064516129032256,12.0,7.182795698924728,5.0,-4.881720430107521,-5.0,7.225806451612897,5.0,-1.0430107526881756,2.0,18.946236559139784,19.0,6.096774193548384,3.0,14.58064516129032,14.0,-0.7096774193548387,0.0,0.0,0.0,-0.26881720430107525,0.0,-5.182795698924731,0.0,0.10752688172043179,-2.0,-18.903225806451616,-19.0,19.548387096774192,22.0,-7.397849462365592,-4.0,-5.494623655913976,-9.0,27.215053763440864,26.0,-31.376344086021504,-34.0,18.043010752688176,14.0,0.0,0.0,0.0,0.0,-18.387096774193548,-5.0,-42.344086021505376,-44.0,-25.516129032258064,-28.0,-15.619565217391298,-11.5,11.967741935483872,11.0,17.741935483870968,15.0,-0.25,0.0,9.108695652173914,8.0,-11.641304347826086,-8.0,-0.09782608695652174,0.0,12.771739130434781,16.5,-4.423913043478261,0.0,-1.901098901098901,0.0,11.373626373626372,9.0,-7.406593406593407,0.0,-1.1538461538461537,0.0,16.142857142857142,15.0,9.362637362637358,3.0,-3.303370786516854,0.0,-1.1235955056179776,2.0,-4.359550561797753,0.0,21.741573033707866,21.0,4.022471910112358,2.0,-1.3146067415730338,0.0,0.0,0.0
19,2022-03-16 16:49:00.000,90.83354019158716,68.58,119.48,14.24952048182044,91.94398451913254,11.871615981193512,119.48,88.97,82.02,100.35,0.2926162378175763,0.252331,0.330464,0.015154266628978433,0.2930082230640974,0.012916864140496826,0.330464,0.290757,0.283072,0.307408,32.111607663473734,31.79,32.39,0.1303082793784805,32.11187194649937,0.10404844156808167,32.39,32.11,32.03,32.16,-0.19336237779952203,-0.23364761561710085,-0.1555146156171009,0.015154266628978435,0.1939550599931676,0.01291686414049698,0.23364761561710085,-0.19522161561710089,-0.20290661561710088,-0.17857061561710086,0.7460158919872032,-21.50752429959961,29.392475700400396,14.249520481820442,14.266071821947094,11.87161598119342,29.392475700400396,-1.1175242995996086,-8.067524299599611,10.262475700400387,-0.06350872956737764,-0.38511639304093137,0.21488360695907005,0.13030827937848014,0.1449363110106528,0.10404844156806213,0.38511639304093137,-0.06511639304093109,-0.14511639304092938,-0.015116393040933929,2022-03-16 13:04:12,2022-03-16 10:02:53,181.316666666667,10484.35,2022-03-16 17:04:12,20,2,78,33.0,98.0,96.0,66.0,61.0,85.0,51.0,30.0,46.0,94.0,72.0,100.0,40.0,62.0,61.0,96.0,70.0,63.0,99.0,41.0,65.0,66.0,80.0,0.0,0.0,0.0,0.0,80.0,54.0,10.0,55.0,64.0,33.0,45.0,57.0,0.0,0.0,0.0,43.0,26.0,78.0,49.0,58.0,0.0,69.0,23.0,0.0,40.0,0.0,0.0,50.0,0.0,0.0,4.0,80.0,0.0,28.0,0.0,14.0,18.0,0.0,0.0,-4.761904761904759,0.0,16.0,13.0,4.623655913978496,3.0,21.462365591397848,25.0,-11.150537634408607,-16.0,14.784946236559136,15.0,0.827956989247312,-1.0,-0.956989247311828,1.0,-8.752688172043008,-9.0,13.935483870967744,12.0,-0.8602150537634401,0.0,7.290322580645167,4.0,2.56989247311828,5.0,0.02150537634408778,2.0,14.344086021505376,13.0,9.064516129032256,8.0,17.18279569892473,15.0,-3.8817204301075208,-4.0,6.225806451612897,4.0,6.956989247311824,10.0,10.946236559139784,11.0,9.096774193548384,6.0,8.58064516129032,8.0,-0.7096774193548387,0.0,0.0,0.0,-0.26881720430107525,0.0,-5.182795698924731,0.0,-3.892473118279568,-6.0,-12.903225806451616,-13.0,-1.451612903225806,1.0,23.602150537634408,27.0,6.505376344086024,3.0,0.21505376344086358,-1.0,13.623655913978496,11.0,-0.9569892473118244,-5.0,0.0,0.0,0.0,0.0,-18.387096774193548,-5.0,0.655913978494624,-1.0,-11.516129032258064,-14.0,6.3804347826087024,10.5,3.967741935483872,3.0,-4.258064516129032,-7.0,-0.25,0.0,19.108695652173914,18.0,-6.641304347826086,-3.0,-0.09782608695652174,0.0,16.77173913043478,20.5,-4.423913043478261,0.0,-1.901098901098901,0.0,5.373626373626372,3.0,-7.406593406593407,0.0,-1.1538461538461537,0.0,-15.857142857142858,-17.0,5.362637362637358,-1.0,-3.303370786516854,0.0,1.8764044943820224,5.0,-4.359550561797753,0.0,-1.2584269662921344,-2.0,-19.97752808988764,-22.0,-1.3146067415730338,0.0,0.0,0.0
20,2022-03-15 19:08:00.000,81.24728862973758,64.78,106.78,10.57754010567085,81.93265322999198,8.03590816751522,106.78,80.32,73.67,84.33,1.303820871720115,0.412706,2.016721,0.41722563461692175,1.3689242468976905,0.3342045039129712,2.016721,1.373526,1.108386,1.616891,33.77301541024572,33.23,34.37,0.3359522339744527,33.77468559138867,0.2998946607176897,34.37,33.73,33.49,34.11,0.8178422561030142,-0.07327261561710086,1.5307423843828991,0.4172256346169218,0.9180798898130152,0.3342045039129712,1.5307423843828991,0.8875473843828992,0.6224073843828992,1.1309123843828992,-8.840235669862038,-25.307524299599606,16.692475700400394,10.577540105670842,13.783596131667982,8.03590816751522,25.307524299599606,-9.767524299599614,-16.417524299599606,-5.757524299599609,1.5978990172048038,1.0548836069590664,2.194883606959067,0.3359522339744521,1.632819085403012,0.2998946607176908,2.194883606959067,1.5548836069590664,1.3148836069590715,1.934883606959069,2022-03-15 15:21:34,2022-03-15 13:03:34,138.0,9944.03333333333,2022-03-15 19:21:34,19,3,75,31.0,76.0,99.0,67.0,72.0,74.0,57.0,33.0,50.0,85.0,79.0,88.0,56.0,83.0,39.0,93.0,66.0,95.0,97.0,47.0,60.0,66.0,80.0,0.0,0.0,0.0,0.0,95.0,69.0,10.0,31.0,63.0,41.0,0.0,70.0,0.0,0.0,0.0,0.0,30.0,63.0,53.0,76.0,0.0,61.0,16.0,0.0,29.0,0.0,18.0,41.0,0.0,0.0,21.0,91.0,0.0,19.0,0.0,19.0,41.0,0.0,0.0,-6.761904761904759,-2.0,-6.0,-9.0,7.623655913978496,6.0,22.462365591397848,26.0,-0.15053763440860735,-5.0,3.7849462365591364,4.0,6.827956989247312,5.0,2.043010752688172,4.0,-4.752688172043008,-5.0,4.935483870967744,3.0,6.13978494623656,7.0,-4.709677419354833,-8.0,18.56989247311828,21.0,21.021505376344088,23.0,-7.655913978494624,-9.0,6.064516129032256,5.0,13.182795698924728,11.0,28.11827956989248,28.0,4.225806451612897,2.0,12.956989247311824,16.0,5.946236559139784,6.0,9.096774193548384,6.0,8.58064516129032,8.0,-0.7096774193548387,0.0,0.0,0.0,-0.26881720430107525,0.0,-5.182795698924731,0.0,11.107526881720432,9.0,2.0967741935483843,2.0,-1.451612903225806,1.0,-0.39784946236559193,3.0,5.505376344086024,2.0,8.215053763440864,7.0,-31.376344086021504,-34.0,12.043010752688176,8.0,0.0,0.0,0.0,0.0,-18.387096774193548,-5.0,-42.344086021505376,-44.0,-7.516129032258064,-10.0,-8.619565217391298,-4.5,7.967741935483872,7.0,13.741935483870968,11.0,-0.25,0.0,11.108695652173914,10.0,-13.641304347826086,-10.0,-0.09782608695652174,0.0,5.771739130434781,9.5,-4.423913043478261,0.0,16.0989010989011,18.0,-3.6263736263736277,-6.0,-7.406593406593407,0.0,-1.1538461538461537,0.0,1.1428571428571423,0.0,16.362637362637358,10.0,-3.303370786516854,0.0,-7.123595505617978,-4.0,-4.359550561797753,0.0,3.7415730337078656,3.0,3.0224719101123583,1.0,-1.3146067415730338,0.0,0.0,0.0
21,2022-03-15 16:38:00.000,83.5409995835069,64.77,110.63,11.270258278632452,84.29747582611182,9.090208581354366,110.63,80.48,77.13,89.7,0.36349364598084194,0.0,0.489292,0.04848632059085082,0.36671184165430487,0.038432820918536365,0.489292,0.362486,0.334573,0.402193,32.794239900041596,32.41,33.25,0.1349698080707561,32.79451752783373,0.10307182502917682,33.25,32.81,32.71,32.89,-0.12248496963625964,-0.4859786156171009,0.0033133843828991316,0.04848632059085093,0.13172893352579026,0.0384328209185364,0.4859786156171009,-0.1234926156171009,-0.15140561561710086,-0.08378561561710085,-6.546524716092762,-25.31752429959961,20.542475700400388,11.27025827863245,13.03160792461207,9.090208581354371,25.31752429959961,-9.607524299599604,-12.957524299599612,-0.38752429959960466,0.6191235070007161,0.23488360695906607,1.0748836069590695,0.13496980807075548,0.6336585664370645,0.10307182502917261,1.0748836069590695,0.6348836069590718,0.5348836069590703,0.71488360695907,2022-03-15 13:03:34,2022-03-15 10:47:11,136.383333333333,9806.03333333333,2022-03-15 17:03:34,19,2,74,31.0,99.0,94.0,77.0,93.0,81.0,52.0,45.0,82.0,99.0,75.0,97.0,29.0,67.0,64.0,93.0,44.0,79.0,96.0,67.0,59.0,69.0,91.0,0.0,0.0,0.0,0.0,84.0,86.0,9.0,59.0,60.0,56.0,40.0,75.0,0.0,0.0,0.0,53.0,20.0,64.0,53.0,74.0,0.0,84.0,41.0,0.0,50.0,0.0,0.0,35.0,12.0,0.0,0.0,90.0,0.0,28.0,0.0,13.0,48.0,0.0,0.0,-6.761904761904759,-2.0,17.0,14.0,2.623655913978496,1.0,32.46236559139785,36.0,20.849462365591393,16.0,10.784946236559136,11.0,1.827956989247312,0.0,14.043010752688172,16.0,27.24731182795699,27.0,18.935483870967744,17.0,2.13978494623656,3.0,4.290322580645167,1.0,-8.43010752688172,-6.0,5.021505376344088,7.0,17.344086021505376,16.0,6.064516129032256,5.0,-8.817204301075272,-11.0,12.11827956989248,12.0,3.225806451612897,1.0,32.956989247311824,36.0,4.946236559139784,5.0,12.096774193548384,9.0,19.58064516129032,19.0,-0.7096774193548387,0.0,0.0,0.0,-0.26881720430107525,0.0,-5.182795698924731,0.0,0.10752688172043179,-2.0,19.096774193548384,19.0,-2.451612903225806,0.0,27.602150537634408,31.0,2.5053763440860237,-1.0,23.215053763440864,22.0,8.623655913978496,6.0,17.043010752688176,13.0,0.0,0.0,0.0,0.0,-18.387096774193548,-5.0,10.655913978494624,9.0,-17.516129032258064,-20.0,-7.6195652173912976,-3.5,7.967741935483872,7.0,11.741935483870968,9.0,-0.25,0.0,34.108695652173914,33.0,11.358695652173914,15.0,-0.09782608695652174,0.0,26.77173913043478,30.5,-4.423913043478261,0.0,-1.901098901098901,0.0,-9.626373626373628,-12.0,4.593406593406593,12.0,-1.1538461538461537,0.0,-19.857142857142858,-21.0,15.362637362637358,9.0,-3.303370786516854,0.0,1.8764044943820224,5.0,-4.359550561797753,0.0,-2.2584269662921344,-3.0,10.022471910112358,8.0,-1.3146067415730338,0.0,0.0,0.0
22,2022-03-15 14:28:00.000,107.3069762598917,65.65,143.57,27.7939658382868,110.84660548807967,25.30054760953585,143.57,114.27,74.07,132.42,0.1603181936693048,0.115278,0.233118,0.02788867694085226,0.16272485238457665,0.023911044450970767,0.233118,0.151142,0.138334,0.181883,35.167426072469524,34.59,35.63,0.30990918906987003,35.16879099807882,0.2858854763590498,35.63,35.27,34.87,35.45,-0.32566042194779593,-0.3707006156171009,-0.2528606156171009,0.027888676940852224,0.3268519003851903,0.023911044450970805,0.3707006156171009,-0.3348366156171009,-0.34764461561710086,-0.30409561561710086,17.219451960292105,-24.437524299599602,53.482475700400386,27.793965838286784,32.690859884710186,25.30054760953585,53.482475700400386,24.18247570040039,-16.017524299599614,42.33247570040038,2.9923096794288373,2.414883606959073,3.454883606959072,0.309909189069869,3.0083086479831636,0.2858854763590292,3.454883606959072,3.0948836069590726,2.694883606959067,3.2748836069590723,2022-03-15 10:47:11,2022-03-14 19:23:38,0.0,9669.65,2022-03-15 14:47:11,19,1,73,31.0,94.0,99.0,66.0,82.0,82.0,57.0,32.0,55.0,89.0,72.0,97.0,31.0,57.0,29.0,88.0,58.0,85.0,97.0,58.0,67.0,71.0,94.0,0.0,0.0,0.0,0.0,87.0,80.0,0.0,30.0,60.0,61.0,14.0,65.0,0.0,0.0,35.0,41.0,61.0,100.0,56.0,74.0,0.0,67.0,41.0,0.0,62.0,0.0,0.0,55.0,29.0,0.0,21.0,88.0,0.0,23.0,0.0,33.0,69.0,0.0,0.0,-6.761904761904759,-2.0,12.0,9.0,7.623655913978496,6.0,21.462365591397848,25.0,9.849462365591393,5.0,11.784946236559136,12.0,6.827956989247312,5.0,1.043010752688172,3.0,0.2473118279569917,0.0,8.935483870967744,7.0,-0.8602150537634401,0.0,4.290322580645167,1.0,-6.43010752688172,-4.0,-4.978494623655912,-3.0,-17.655913978494624,-19.0,1.0645161290322562,0.0,5.182795698924728,3.0,18.11827956989248,18.0,4.225806451612897,2.0,23.956989247311824,27.0,12.946236559139784,13.0,14.096774193548384,11.0,22.58064516129032,22.0,-0.7096774193548387,0.0,0.0,0.0,-0.26881720430107525,0.0,-5.182795698924731,0.0,3.107526881720432,1.0,13.096774193548384,13.0,-11.451612903225806,-9.0,-1.397849462365592,2.0,2.5053763440860237,-1.0,28.215053763440864,27.0,-17.376344086021504,-20.0,7.043010752688176,3.0,0.0,0.0,0.0,0.0,16.612903225806452,30.0,-1.344086021505376,-3.0,23.483870967741936,21.0,28.380434782608702,32.5,10.967741935483872,10.0,11.741935483870968,9.0,-0.25,0.0,17.108695652173914,16.0,11.358695652173914,15.0,-0.09782608695652174,0.0,38.77173913043478,42.5,-4.423913043478261,0.0,-1.901098901098901,0.0,10.373626373626372,8.0,21.59340659340659,29.0,-1.1538461538461537,0.0,1.1428571428571423,0.0,13.362637362637358,7.0,-3.303370786516854,0.0,-3.1235955056179776,0.0,-4.359550561797753,0.0,17.741573033707866,17.0,31.02247191011236,29.0,-1.3146067415730338,0.0,0.0,0.0
23,2022-03-14 23:07:00.000,123.40363598500662,107.63,130.1,4.808038666210081,123.49722661649477,3.4400641132277343,130.1,125.23,122.58,126.12,4.207106264889643,0.0,6.311775,1.2317528349255107,4.383643035282454,1.0159662064286294,6.311775,4.472939,2.967494,5.138067,29.610616409829255,28.59,30.35,0.44186606554543717,29.613911738766745,0.3513611102967764,30.35,29.73,29.37,29.89,3.7211276492725345,-0.4859786156171009,5.825796384382899,1.2317528349255131,3.9196140267744752,1.0159662064286301,5.825796384382899,3.9869603843828996,2.4815153843828988,4.6520883843829,33.31611168540692,17.542475700400388,40.01247570040039,4.808038666210077,33.661118601145844,3.4400641132277583,40.01247570040039,35.1424757004004,32.49247570040039,36.0324757004004,-2.56449998321169,-3.5851163930409307,-1.825116393040929,0.441866065545439,2.6022729421247184,0.3513611102967791,3.5851163930409307,-2.44511639304093,-2.8051163930409295,-2.28511639304093,2022-03-14 19:23:38,2022-03-14 16:24:38,179.0,9669.65,2022-03-14 23:23:38,18,4,72,37.0,91.0,62.0,60.0,92.0,64.0,76.0,60.0,76.0,89.0,85.0,86.0,47.0,74.0,70.0,96.0,51.0,74.0,89.0,17.0,49.0,66.0,88.0,0.0,0.0,0.0,28.0,90.0,62.0,7.0,37.0,74.0,4.0,33.0,71.0,0.0,0.0,4.0,46.0,58.0,81.0,49.0,72.0,0.0,51.0,25.0,0.0,47.0,19.0,0.0,70.0,0.0,0.0,0.0,83.0,0.0,40.0,0.0,24.0,45.0,0.0,0.0,-0.7619047619047592,4.0,9.0,6.0,-29.376344086021504,-31.0,15.462365591397848,19.0,19.849462365591393,15.0,-6.215053763440864,-6.0,25.827956989247312,24.0,29.043010752688172,31.0,21.24731182795699,21.0,8.935483870967744,7.0,12.13978494623656,13.0,-6.709677419354833,-10.0,9.56989247311828,12.0,12.021505376344088,14.0,23.344086021505376,22.0,9.064516129032256,8.0,-1.8172043010752716,-4.0,7.118279569892479,7.0,-3.774193548387103,-6.0,-17.043010752688176,-14.0,-5.053763440860216,-5.0,9.096774193548384,6.0,16.58064516129032,16.0,-0.7096774193548387,0.0,0.0,0.0,-0.26881720430107525,0.0,22.817204301075268,28.0,6.107526881720432,4.0,-4.903225806451616,-5.0,-4.451612903225806,-2.0,5.602150537634408,9.0,16.505376344086024,13.0,-28.784946236559136,-30.0,1.6236559139784958,-1.0,13.043010752688176,9.0,0.0,0.0,0.0,0.0,-14.387096774193548,-1.0,3.655913978494624,2.0,20.483870967741936,18.0,9.380434782608702,13.5,3.967741935483872,3.0,9.741935483870968,7.0,-0.25,0.0,1.108695652173914,0.0,-4.641304347826086,-1.0,-0.09782608695652174,0.0,23.77173913043478,27.5,14.576086956521738,19.0,-1.901098901098901,0.0,25.373626373626372,23.0,-7.406593406593407,0.0,-1.1538461538461537,0.0,-19.857142857142858,-21.0,8.362637362637358,2.0,-3.303370786516854,0.0,13.876404494382022,17.0,-4.359550561797753,0.0,8.741573033707866,8.0,7.022471910112358,5.0,-1.3146067415730338,0.0,0.0,0.0
24,2022-03-14 19:29:00.000,82.44775926697237,61.17,109.27,13.20524993996793,83.49813774343875,10.213086099589518,109.27,81.0,73.0,89.53,0.32809212661391063,0.128094,0.425274,0.062460480264088986,0.33398223047250525,0.043080566294309314,0.425274,0.343293,0.313832,0.363788,30.764943773427515,30.39,30.97,0.11453641598747287,30.765156890693138,0.09313231801067336,30.97,30.79,30.69,30.85,-0.1578864890031903,-0.35788461561710083,-0.06070461561710089,0.06246048026408899,0.16978760300771698,0.04308056629430936,0.35788461561710083,-0.14268561561710086,-0.17214661561710087,-0.12219061561710087,-7.639765032627556,-28.917524299599606,19.18247570040039,13.205249939967935,15.253590011253598,10.213086099589487,28.917524299599606,-9.087524299599608,-17.087524299599608,-0.5575242995996064,-1.4101726196131623,-1.78511639304093,-1.2051163930409317,0.11453641598747182,1.414814455641147,0.09313231801062417,1.78511639304093,-1.3851163930409314,-1.4851163930409292,-1.325116393040929,2022-03-14 16:24:38,2022-03-14 11:51:08,273.5,9490.65,2022-03-14 20:24:38,18,3,71,37.0,89.0,93.0,20.0,92.0,70.0,46.0,11.0,57.0,83.0,73.0,93.0,33.0,68.0,54.0,99.0,33.0,81.0,92.0,21.0,60.0,68.0,61.0,0.0,0.0,0.0,12.0,88.0,77.0,0.0,25.0,46.0,26.0,16.0,56.0,0.0,0.0,0.0,61.0,33.0,99.0,37.0,58.0,0.0,71.0,31.0,0.0,0.0,0.0,0.0,54.0,0.0,0.0,9.0,81.0,0.0,33.0,0.0,24.0,17.0,0.0,0.0,-0.7619047619047592,4.0,7.0,4.0,1.6236559139784958,0.0,-24.537634408602152,-21.0,19.849462365591393,15.0,-0.21505376344086358,0.0,-4.172043010752688,-6.0,-19.956989247311828,-18.0,2.2473118279569917,2.0,2.9354838709677438,1.0,0.1397849462365599,1.0,0.29032258064516725,-3.0,-4.43010752688172,-2.0,6.021505376344088,8.0,7.344086021505376,6.0,12.064516129032256,11.0,-19.81720430107527,-22.0,14.11827956989248,14.0,-0.7741935483871032,-3.0,-13.043010752688176,-10.0,5.946236559139784,6.0,11.096774193548384,8.0,-10.41935483870968,-11.0,-0.7096774193548387,0.0,0.0,0.0,-0.26881720430107525,0.0,6.817204301075269,12.0,4.107526881720432,2.0,10.096774193548384,10.0,-11.451612903225806,-9.0,-6.397849462365592,-3.0,-11.494623655913976,-15.0,-6.784946236559136,-8.0,-15.376344086021504,-18.0,-1.9569892473118244,-6.0,0.0,0.0,0.0,0.0,-18.387096774193548,-5.0,18.655913978494624,17.0,-4.516129032258064,-7.0,27.380434782608702,31.5,-8.032258064516128,-9.0,-4.258064516129032,-7.0,-0.25,0.0,21.108695652173914,20.0,1.358695652173914,5.0,-0.09782608695652174,0.0,-23.22826086956522,-19.5,-4.423913043478261,0.0,-1.901098901098901,0.0,9.373626373626372,7.0,-7.406593406593407,0.0,-1.1538461538461537,0.0,-10.857142857142858,-12.0,6.362637362637358,0.0,-3.303370786516854,0.0,6.876404494382022,10.0,-4.359550561797753,0.0,8.741573033707866,8.0,-20.97752808988764,-23.0,-1.3146067415730338,0.0,0.0,0.0
25,2022-03-14 15:37:00.000,137.86327363598474,81.65,198.52,37.97161630672981,142.99484376929922,34.993056114166066,198.52,152.8,101.6,166.55,0.5186355730945436,0.398374,0.645596,0.038847252168790404,0.5200878177256663,0.026930500925530627,0.645596,0.513659,0.498288,0.532873,31.6005872553102,30.71,33.25,0.7915912434168104,31.610496209259207,0.6624129852877624,33.25,31.23,30.99,31.93,0.03265695747744313,-0.08760461561710087,0.15961738438289907,0.038847252168790425,0.050744037474573976,0.02693050092553067,0.15961738438289907,0.027680384382899104,0.012309384382899136,0.04689438438289917,47.77574933638571,-8.437524299599602,108.4324757004004,37.971616306729786,61.02266260684647,34.993056114165874,108.4324757004004,62.712475700400404,11.512475700400387,76.4624757004004,-0.5745291377306437,-1.4651163930409297,1.0748836069590695,0.791591243416812,0.9779772212110726,0.6624129852877831,1.4651163930409297,-0.9451163930409301,-1.185116393040932,-0.2451163930409308,2022-03-14 11:51:08,2022-03-14 10:26:51,84.2833333333333,9217.15,2022-03-14 15:51:08,18,2,70,37.0,89.0,99.0,51.0,77.0,50.0,49.0,18.0,47.0,82.0,83.0,98.0,20.0,51.0,22.0,93.0,43.0,18.0,87.0,14.0,7.0,59.0,73.0,0.0,0.0,0.0,0.0,91.0,98.0,9.0,0.0,67.0,45.0,71.0,66.0,0.0,0.0,29.0,46.0,0.0,33.0,32.0,66.0,0.0,25.0,5.0,0.0,0.0,0.0,0.0,39.0,0.0,0.0,0.0,94.0,0.0,31.0,7.0,0.0,0.0,0.0,0.0,-0.7619047619047592,4.0,7.0,4.0,7.623655913978496,6.0,6.462365591397848,10.0,4.849462365591393,0.0,-20.215053763440864,-20.0,-1.172043010752688,-3.0,-12.956989247311828,-11.0,-7.752688172043008,-8.0,1.9354838709677438,0.0,10.13978494623656,11.0,5.290322580645167,2.0,-17.43010752688172,-15.0,-10.978494623655912,-9.0,-24.655913978494624,-26.0,6.064516129032256,5.0,-9.817204301075272,-12.0,-48.88172043010752,-49.0,-5.774193548387103,-8.0,-20.043010752688176,-17.0,-47.053763440860216,-47.0,2.0967741935483843,-1.0,1.5806451612903203,1.0,-0.7096774193548387,0.0,0.0,0.0,-0.26881720430107525,0.0,-5.182795698924731,0.0,7.107526881720432,5.0,31.096774193548384,31.0,-2.451612903225806,0.0,-31.397849462365592,-28.0,9.505376344086024,6.0,12.215053763440864,11.0,39.623655913978496,37.0,8.043010752688176,4.0,0.0,0.0,0.0,0.0,10.612903225806452,24.0,3.655913978494624,2.0,-37.516129032258064,-40.0,-38.6195652173913,-34.5,-13.032258064516128,-14.0,3.741935483870968,1.0,-0.25,0.0,-24.891304347826086,-26.0,-24.641304347826086,-21.0,-0.09782608695652174,0.0,-23.22826086956522,-19.5,-4.423913043478261,0.0,-1.901098901098901,0.0,-5.626373626373628,-8.0,-7.406593406593407,0.0,-1.1538461538461537,0.0,-19.857142857142858,-21.0,19.362637362637358,13.0,-3.303370786516854,0.0,4.876404494382022,8.0,2.640449438202247,7.0,-15.258426966292134,-16.0,-37.97752808988764,-40.0,-1.3146067415730338,0.0,0.0,0.0
26,2022-03-14 13:46:41.250,95.4954108216437,1.0,123.0,10.834953387941281,96.10780866908969,7.880744896606907,123.0,93.68,88.15,100.85,0.115982640280561,0.011528,0.199827,0.024387776390109868,0.11851767170312526,0.019266586929369754,0.199827,0.116566,0.098633,0.131937,33.12820641282576,32.43,34.21,0.47817047900978865,33.13165544589012,0.4081269653535468,34.21,33.15,32.66,33.45,-0.3699959753365406,-0.4744506156171009,-0.2861516156171009,0.02438777639010978,0.3707984458229522,0.019266586929369917,0.4744506156171009,-0.36941261561710087,-0.3873456156171009,-0.3540416156171009,5.407886522043679,-89.08752429959961,32.91247570040039,10.834953387941292,12.107131609725931,7.8807448966068465,89.08752429959961,3.5924757004003993,-1.9375242995996018,10.762475700400387,0.9530900197847219,0.2548836069590692,2.0348836069590703,0.47817047900978876,1.0662612438801888,0.4081269653535527,2.0348836069590703,0.9748836069590681,0.48488360695906607,1.2748836069590723,2022-03-14 10:26:51,2022-03-13 19:49:00,0.0,9132.86666666667,2022-03-14 14:26:51,18,1,69,37.0,89.0,93.0,46.0,86.0,80.0,44.0,18.0,62.0,92.0,71.0,97.0,33.0,68.0,57.0,95.0,47.0,65.0,99.0,35.0,65.0,71.0,70.0,0.0,0.0,0.0,15.0,91.0,82.0,13.0,52.0,65.0,41.0,39.0,59.0,0.0,0.0,27.0,47.0,37.0,100.0,31.0,64.0,0.0,43.0,53.0,0.0,11.0,0.0,0.0,50.0,29.0,0.0,22.0,87.0,0.0,49.0,0.0,13.0,47.0,0.0,0.0,-0.7619047619047592,4.0,7.0,4.0,1.6236559139784958,0.0,1.4623655913978482,5.0,13.849462365591393,9.0,9.784946236559136,10.0,-6.172043010752688,-8.0,-12.956989247311828,-11.0,7.247311827956992,7.0,11.935483870967744,10.0,-1.86021505376344,-1.0,4.290322580645167,1.0,-4.43010752688172,-2.0,6.021505376344088,8.0,10.344086021505376,9.0,8.064516129032256,7.0,-5.817204301075272,-8.0,-1.8817204301075208,-2.0,6.225806451612897,4.0,0.9569892473118244,4.0,10.946236559139784,11.0,14.096774193548384,11.0,-1.4193548387096797,-2.0,-0.7096774193548387,0.0,0.0,0.0,-0.26881720430107525,0.0,9.817204301075268,15.0,7.107526881720432,5.0,15.096774193548384,15.0,1.548387096774194,4.0,20.602150537634408,24.0,7.505376344086024,4.0,8.215053763440864,7.0,7.623655913978496,5.0,1.0430107526881756,-3.0,0.0,0.0,0.0,0.0,8.612903225806452,22.0,4.655913978494624,3.0,-0.5161290322580641,-3.0,28.380434782608702,32.5,-14.032258064516128,-15.0,1.741935483870968,-1.0,-0.25,0.0,-6.891304347826086,-8.0,23.358695652173914,27.0,-0.09782608695652174,0.0,-12.228260869565219,-8.5,-4.423913043478261,0.0,-1.901098901098901,0.0,5.373626373626372,3.0,21.59340659340659,29.0,-1.1538461538461537,0.0,2.1428571428571423,1.0,12.362637362637358,6.0,-3.303370786516854,0.0,22.876404494382022,26.0,-4.359550561797753,0.0,-2.2584269662921344,-3.0,9.022471910112358,7.0,-1.3146067415730338,0.0,0.0,0.0
27,2022-03-12 01:43:00.000,114.22159100374877,79.62,126.27,14.62455957630812,115.15363874241437,12.219086043039301,126.27,122.32,105.77,123.73,5.676965209079542,2.921559,8.069155,0.8119800988840593,5.734716302250626,0.5847783488894067,8.069155,5.706443,5.313533,6.054986,35.445785089545986,34.65,35.95,0.30855749403893296,35.447127509687306,0.24224455969946598,35.95,35.5,35.31,35.65,5.190986593462448,2.4355803843828987,7.5831763843829,0.8119800988840596,5.254082117335668,0.5847783488894064,7.5831763843829,5.2204643843828995,4.827554384382899,5.5690073843829,24.134066704148967,-10.467524299599603,36.18247570040039,14.624559576308112,28.2177575273304,12.219086043039484,36.18247570040039,32.232475700400386,15.682475700400389,33.6424757004004,3.2706686965050795,2.474883606959068,3.7748836069590723,0.3085574940389318,3.2851851996595056,0.24224455969946165,3.7748836069590723,3.3248836069590695,3.1348836069590718,3.474883606959068,2022-03-11 20:58:32,2022-03-11 16:17:47,280.75,7894.11666666667,2022-03-12 01:58:32,15,4,60,22.0,91.0,94.0,55.0,93.0,77.0,51.0,21.0,71.0,94.0,81.0,100.0,36.0,63.0,68.0,97.0,67.0,84.0,94.0,21.0,63.0,59.0,81.0,0.0,0.0,0.0,0.0,91.0,60.0,0.0,22.0,17.0,44.0,1.0,62.0,0.0,0.0,54.0,42.0,19.0,46.0,56.0,75.0,0.0,47.0,21.0,0.0,0.0,0.0,0.0,49.0,19.0,0.0,30.0,87.0,0.0,27.0,0.0,19.0,35.0,0.0,0.0,-15.76190476190476,-11.0,9.0,6.0,2.623655913978496,1.0,10.462365591397848,14.0,20.849462365591393,16.0,6.784946236559136,7.0,0.827956989247312,-1.0,-9.956989247311828,-8.0,16.24731182795699,16.0,13.935483870967744,12.0,8.13978494623656,9.0,7.290322580645167,4.0,-1.43010752688172,1.0,1.0215053763440878,3.0,21.344086021505376,20.0,10.064516129032256,9.0,14.182795698924728,12.0,17.11827956989248,17.0,1.2258064516128968,-1.0,-13.043010752688176,-10.0,8.946236559139784,9.0,2.0967741935483843,-1.0,9.58064516129032,9.0,-0.7096774193548387,0.0,0.0,0.0,-0.26881720430107525,0.0,-5.182795698924731,0.0,7.107526881720432,5.0,-6.903225806451616,-7.0,-11.451612903225806,-9.0,-9.397849462365592,-6.0,-40.494623655913976,-44.0,11.215053763440864,10.0,-30.376344086021504,-33.0,4.043010752688176,0.0,0.0,0.0,0.0,0.0,35.61290322580645,49.0,-0.34408602150537604,-2.0,-18.516129032258064,-21.0,-25.619565217391298,-21.5,10.967741935483872,10.0,12.741935483870968,10.0,-0.25,0.0,-2.891304347826086,-4.0,-8.641304347826086,-5.0,-0.09782608695652174,0.0,-23.22826086956522,-19.5,-4.423913043478261,0.0,-1.901098901098901,0.0,4.373626373626372,2.0,11.593406593406593,19.0,-1.1538461538461537,0.0,10.142857142857142,9.0,12.362637362637358,6.0,-3.303370786516854,0.0,0.8764044943820224,4.0,-4.359550561797753,0.0,3.7415730337078656,3.0,-2.9775280898876417,-5.0,-1.3146067415730338,0.0,0.0,0.0
28,2022-03-11 20:59:00.000,88.20938359017049,68.48,114.4,11.75647704260142,88.98905854270248,9.884613633670973,114.4,86.52,78.33,95.93,0.3055538000832984,0.021784,1.928954,0.12592830594486445,0.3304761084574636,0.07295345634307232,1.928954,0.287035,0.27294,0.310101,31.985251978342355,31.07,32.71,0.4603966915213356,31.988563908834617,0.3922943810202597,32.71,32.03,31.55,32.34,-0.18042481553380205,-0.46419461561710085,1.4429753843828992,0.12592830594486443,0.22001010789564115,0.07295345634307238,1.4429753843828992,-0.1989436156171009,-0.21303861561710086,-0.17587761561710086,-1.8781407094288487,-21.607524299599604,24.312475700400398,11.756477042601405,11.903134019369068,9.884613633670995,24.312475700400398,-3.5675242995996115,-11.75752429959961,5.842475700400399,-0.18986441469857213,-1.1051163930409302,0.5348836069590703,0.4603966915213348,0.4979210053005173,0.3922943810202606,1.1051163930409302,-0.14511639304092938,-0.6251163930409298,0.1648836069590729,2022-03-11 16:17:47,2022-03-11 12:56:15,201.533333333333,7613.36666666667,2022-03-11 21:17:47,15,3,59,22.0,92.0,91.0,39.0,84.0,55.0,42.0,31.0,55.0,86.0,80.0,96.0,29.0,62.0,28.0,89.0,57.0,89.0,95.0,35.0,70.0,55.0,63.0,0.0,0.0,0.0,0.0,93.0,54.0,19.0,12.0,62.0,48.0,42.0,66.0,0.0,0.0,0.0,14.0,43.0,46.0,36.0,76.0,0.0,62.0,24.0,0.0,0.0,0.0,0.0,64.0,0.0,0.0,9.0,92.0,0.0,46.0,0.0,25.0,20.0,0.0,0.0,-15.76190476190476,-11.0,10.0,7.0,-0.37634408602150415,-2.0,-5.537634408602152,-2.0,11.849462365591393,7.0,-15.215053763440864,-15.0,-8.172043010752688,-10.0,0.043010752688172005,2.0,0.2473118279569917,0.0,5.935483870967744,4.0,7.13978494623656,8.0,3.2903225806451672,0.0,-8.43010752688172,-6.0,0.02150537634408778,2.0,-18.655913978494624,-20.0,2.0645161290322562,1.0,4.182795698924728,2.0,22.11827956989248,22.0,2.225806451612897,0.0,0.9569892473118244,4.0,15.946236559139784,16.0,-1.9032258064516157,-5.0,-8.41935483870968,-9.0,-0.7096774193548387,0.0,0.0,0.0,-0.26881720430107525,0.0,-5.182795698924731,0.0,9.107526881720432,7.0,-12.903225806451616,-13.0,7.548387096774194,10.0,-19.397849462365592,-16.0,4.505376344086024,1.0,15.215053763440864,14.0,10.623655913978496,8.0,8.043010752688176,4.0,0.0,0.0,0.0,0.0,-18.387096774193548,-5.0,-28.344086021505376,-30.0,5.483870967741936,3.0,-25.619565217391298,-21.5,-9.032258064516128,-10.0,13.741935483870968,11.0,-0.25,0.0,12.108695652173914,11.0,-5.641304347826086,-2.0,-0.09782608695652174,0.0,-23.22826086956522,-19.5,-4.423913043478261,0.0,-1.901098901098901,0.0,19.373626373626372,17.0,-7.406593406593407,0.0,-1.1538461538461537,0.0,-10.857142857142858,-12.0,17.362637362637358,11.0,-3.303370786516854,0.0,19.876404494382022,23.0,-4.359550561797753,0.0,9.741573033707866,9.0,-17.97752808988764,-20.0,-1.3146067415730338,0.0,0.0,0.0
29,2022-03-11 17:40:00.000,75.2321907538526,58.65,99.98,11.308875756027417,76.07706573536994,9.746933765796943,99.98,71.87,65.53,84.15,0.2672305077051214,0.219121,0.298568,0.010861643415595243,0.26745106171059463,0.007768851281770684,0.298568,0.270377,0.265252,0.274221,29.254423157017957,28.83,29.91,0.22394774880954377,29.255279967141608,0.167073271046138,29.91,29.21,29.13,29.37,-0.21874810791198182,-0.26685761561710086,-0.18741061561710087,0.010861643415595285,0.2190174898880396,0.0077688512817715915,0.26685761561710086,-0.2156016156171009,-0.22072661561710089,-0.21175761561710088,-14.855333545747069,-31.43752429959961,9.892475700400396,11.308875756027412,18.668645907915472,9.746933765796937,31.43752429959961,-18.217524299599603,-24.557524299599606,-5.937524299599602,-2.9206932360230464,-3.3451163930409322,-2.2651163930409304,0.22394774880954474,2.929262822782672,0.16707327104612474,3.3451163930409322,-2.9651163930409297,-3.0451163930409315,-2.8051163930409295,2022-03-11 12:56:15,2022-03-11 10:39:18,136.95,7411.83333333333,2022-03-11 17:56:15,15,2,58,22.0,72.0,89.0,36.0,49.0,55.0,37.0,10.0,54.0,89.0,68.0,97.0,15.0,60.0,34.0,85.0,31.0,60.0,97.0,26.0,39.0,49.0,68.0,0.0,0.0,0.0,0.0,88.0,67.0,18.0,27.0,66.0,43.0,30.0,70.0,0.0,0.0,33.0,70.0,40.0,55.0,49.0,65.0,0.0,59.0,33.0,0.0,14.0,0.0,0.0,56.0,21.0,0.0,0.0,89.0,0.0,62.0,0.0,10.0,23.0,0.0,0.0,-15.76190476190476,-11.0,-10.0,-13.0,-2.376344086021504,-4.0,-8.537634408602152,-5.0,-23.150537634408607,-28.0,-15.215053763440864,-15.0,-13.172043010752688,-15.0,-20.956989247311828,-19.0,-0.7526881720430083,-1.0,8.935483870967744,7.0,-4.86021505376344,-4.0,4.290322580645167,1.0,-22.43010752688172,-20.0,-1.9784946236559122,0.0,-12.655913978494624,-14.0,-1.9354838709677438,-3.0,-21.81720430107527,-24.0,-6.881720430107521,-7.0,4.225806451612897,2.0,-8.043010752688176,-5.0,-15.053763440860216,-15.0,-7.903225806451616,-11.0,-3.4193548387096797,-4.0,-0.7096774193548387,0.0,0.0,0.0,-0.26881720430107525,0.0,-5.182795698924731,0.0,4.107526881720432,2.0,0.09677419354838435,0.0,6.548387096774194,9.0,-4.397849462365592,-1.0,8.505376344086024,5.0,10.215053763440864,9.0,-1.3763440860215042,-4.0,12.043010752688176,8.0,0.0,0.0,0.0,0.0,14.612903225806452,28.0,27.655913978494624,26.0,2.483870967741936,0.0,-16.619565217391298,-12.5,3.967741935483872,3.0,2.741935483870968,0.0,-0.25,0.0,9.108695652173914,8.0,3.358695652173914,7.0,-0.09782608695652174,0.0,-9.228260869565219,-5.5,-4.423913043478261,0.0,-1.901098901098901,0.0,11.373626373626372,9.0,13.593406593406593,21.0,-1.1538461538461537,0.0,-19.857142857142858,-21.0,14.362637362637358,8.0,-3.303370786516854,0.0,35.87640449438202,39.0,-4.359550561797753,0.0,-5.258426966292134,-6.0,-14.977528089887642,-17.0,-1.3146067415730338,0.0,0.0,0.0
30,2022-03-11 14:48:23.250,102.32737417943135,1.0,167.0,20.93487134430378,104.44577823668156,13.727596397397198,167.0,101.45,90.77,105.42,0.14840295897155384,0.065352,0.183241,0.01668610713918249,0.14933757762553626,0.013678118254695903,0.183241,0.149925,0.137111,0.161457,32.868588621444154,31.81,33.81,0.5988536570784556,32.874040632139874,0.5163112942843946,33.81,33.0,32.27,33.25,-0.3375756566455465,-0.4206266156171009,-0.3027376156171009,0.016686107139182376,0.33798757050995637,0.01367811825469606,0.4206266156171009,-0.3360536156171009,-0.3488676156171009,-0.3245216156171009,12.239849879831464,-89.08752429959961,76.91247570040039,20.93487134430376,24.245474012474915,13.727596397397164,89.08752429959961,11.362475700400395,0.6824757004003885,15.332475700400394,0.6934722284032689,-0.3651163930409318,1.6348836069590718,0.5988536570784511,0.9161513245223155,0.5163112942843848,1.6348836069590718,0.8248836069590695,0.09488360695907261,1.0748836069590695,2022-03-11 10:39:18,2022-03-10 21:08:07,0.0,7274.88333333333,2022-03-11 15:39:18,15,1,57,22.0,90.0,,,,,,,,,,,,,,,,,,,,,,,,,,,,,,,,,,,,,,,,,,,,,,,,,,,,,,,,,,,,,-15.76190476190476,-11.0,8.0,5.0,,,,,,,,,,,,,,,,,,,,,,,,,,,,,,,,,,,,,,,,,,,,,,,,,,,,,,,,,,,,,,,,,,,,,,,,,,,,,,,,,,,,,,,,,,,,,,,,,,,,,,,,,,,,,,,,,,,,,,,,
31,2022-03-10 21:46:00.000,84.70188254893816,65.75,107.13,10.539568790413849,85.35481915228783,9.039065334605752,107.13,81.48,75.88,93.9,0.2067283840066642,0.024347,0.276784,0.03316442450146413,0.20937059419711515,0.02805414657227539,0.276784,0.206307,0.178116,0.234498,30.30463556851335,29.85,30.77,0.24554947407332467,30.30562994514941,0.19396757667781164,30.77,30.33,30.15,30.45,-0.27925023161043655,-0.46163161561710087,-0.2091946156171009,0.03316442450146413,0.2812118646411076,0.028054146572275507,0.46163161561710087,-0.27967161561710085,-0.3078626156171009,-0.2514806156171009,-5.38564175066166,-24.337524299599608,17.042475700400388,10.539568790413853,11.833908156318255,9.039065334605693,24.337524299599608,-8.607524299599604,-14.207524299599612,3.812475700400398,-1.8704808245278093,-2.325116393040929,-1.405116393040931,0.2455494740733243,1.8865227130571747,0.19396757667784237,2.325116393040929,-1.8451163930409322,-2.025116393040932,-1.7251163930409312,2022-03-10 16:59:57,2022-03-10 12:55:11,244.766666666667,7026.71666666667,2022-03-10 21:59:57,14,3,55,54.0,81.0,90.0,31.0,88.0,92.0,49.0,17.0,56.0,86.0,89.0,96.0,28.0,75.0,56.0,100.0,31.0,58.0,85.0,19.0,49.0,38.0,54.0,0.0,0.0,0.0,0.0,90.0,69.0,23.0,37.0,58.0,35.0,29.0,62.0,0.0,0.0,0.0,46.0,16.0,35.0,46.0,70.0,0.0,45.0,31.0,0.0,4.0,0.0,0.0,24.0,0.0,0.0,0.0,67.0,0.0,33.0,0.0,40.0,0.0,0.0,0.0,16.23809523809524,21.0,-1.0,-4.0,-1.3763440860215042,-3.0,-13.537634408602152,-10.0,15.849462365591393,11.0,21.784946236559136,22.0,-1.172043010752688,-3.0,-13.956989247311828,-12.0,1.2473118279569917,1.0,5.935483870967744,4.0,16.13978494623656,17.0,3.2903225806451672,0.0,-9.43010752688172,-7.0,13.021505376344088,15.0,9.344086021505376,8.0,13.064516129032256,12.0,-21.81720430107527,-24.0,-8.88172043010752,-9.0,-7.774193548387103,-10.0,-15.043010752688176,-12.0,-5.053763440860216,-5.0,-18.903225806451616,-22.0,-17.41935483870968,-18.0,-0.7096774193548387,0.0,0.0,0.0,-0.26881720430107525,0.0,-5.182795698924731,0.0,6.107526881720432,4.0,2.0967741935483843,2.0,11.548387096774194,14.0,5.602150537634408,9.0,0.5053763440860237,-3.0,2.2150537634408636,1.0,-2.376344086021504,-5.0,4.043010752688176,0.0,0.0,0.0,0.0,0.0,-18.387096774193548,-5.0,3.655913978494624,2.0,-21.516129032258064,-24.0,-36.6195652173913,-32.5,0.9677419354838719,0.0,7.741935483870968,5.0,-0.25,0.0,-4.891304347826086,-6.0,1.358695652173914,5.0,-0.09782608695652174,0.0,-19.22826086956522,-15.5,-4.423913043478261,0.0,-1.901098901098901,0.0,-20.626373626373628,-23.0,-7.406593406593407,0.0,-1.1538461538461537,0.0,-19.857142857142858,-21.0,-7.637362637362642,-14.0,-3.303370786516854,0.0,6.876404494382022,10.0,-4.359550561797753,0.0,24.741573033707866,24.0,-37.97752808988764,-40.0,-1.3146067415730338,0.0,0.0,0.0
32,2022-03-10 17:41:00.000,88.00607246980415,70.62,104.58,7.845277418703092,88.35491800041751,6.2815230430330535,104.58,87.98,82.37,94.17,0.20590860932944569,0.083292,0.240905,0.015170356836765932,0.20646646040199107,0.012185810635267384,0.240905,0.206307,0.194774,0.216558,31.77754685547709,31.41,31.99,0.13678823502461795,31.777841137815724,0.11219953646271108,31.99,31.81,31.69,31.87,-0.2800700062876531,-0.40268661561710084,-0.24507361561710087,0.015170356836766027,0.2804803955660836,0.01218581063526732,0.40268661561710084,-0.27967161561710085,-0.29120461561710087,-0.26942061561710084,-2.0814518297953515,-19.467524299599603,14.49247570040039,7.845277418703089,8.115120764338362,6.281523043033063,19.467524299599603,-2.1075242995996035,-7.717524299599603,4.082475700400394,-0.3975695375640456,-0.7651163930409304,-0.18511639304093208,0.13678823502461587,0.4204340203031593,0.11219953646275142,0.7651163930409304,-0.3651163930409318,-0.48511639304092924,-0.3051163930409295,2022-03-10 12:55:11,2022-03-10 09:28:51,206.333333333333,6781.95,2022-03-10 17:55:11,14,2,54,54.0,91.0,95.0,34.0,58.0,68.0,41.0,18.0,37.0,86.0,75.0,99.0,30.0,53.0,18.0,89.0,46.0,57.0,100.0,19.0,36.0,25.0,31.0,0.0,0.0,0.0,0.0,61.0,73.0,4.0,39.0,33.0,37.0,31.0,63.0,0.0,0.0,0.0,40.0,3.0,55.0,29.0,53.0,0.0,63.0,18.0,0.0,0.0,0.0,0.0,34.0,0.0,0.0,0.0,67.0,0.0,7.0,0.0,23.0,30.0,0.0,0.0,16.23809523809524,21.0,9.0,6.0,3.623655913978496,2.0,-10.537634408602152,-7.0,-14.150537634408607,-19.0,-2.2150537634408636,-2.0,-9.172043010752688,-11.0,-12.956989247311828,-11.0,-17.75268817204301,-18.0,5.935483870967744,4.0,2.13978494623656,3.0,6.290322580645167,3.0,-7.43010752688172,-5.0,-8.978494623655912,-7.0,-28.655913978494624,-30.0,2.0645161290322562,1.0,-6.817204301075272,-9.0,-9.88172043010752,-10.0,7.225806451612897,5.0,-15.043010752688176,-12.0,-18.053763440860216,-18.0,-31.903225806451616,-35.0,-40.41935483870968,-41.0,-0.7096774193548387,0.0,0.0,0.0,-0.26881720430107525,0.0,-5.182795698924731,0.0,-22.892473118279568,-25.0,6.096774193548384,6.0,-7.451612903225806,-5.0,7.602150537634408,11.0,-24.494623655913976,-28.0,4.215053763440864,3.0,-0.37634408602150415,-3.0,5.043010752688176,1.0,0.0,0.0,0.0,0.0,-18.387096774193548,-5.0,-2.344086021505376,-4.0,-34.516129032258064,-37.0,-16.619565217391298,-12.5,-16.032258064516128,-17.0,-9.258064516129032,-12.0,-0.25,0.0,13.108695652173914,12.0,-11.641304347826086,-8.0,-0.09782608695652174,0.0,-23.22826086956522,-19.5,-4.423913043478261,0.0,-1.901098901098901,0.0,-10.626373626373628,-13.0,-7.406593406593407,0.0,-1.1538461538461537,0.0,-19.857142857142858,-21.0,-7.637362637362642,-14.0,-3.303370786516854,0.0,-19.123595505617978,-16.0,-4.359550561797753,0.0,7.741573033707866,7.0,-7.977528089887642,-10.0,-1.3146067415730338,0.0,0.0,0.0
33,2022-03-09 21:51:00.000,84.06775926697226,57.57,124.08,13.889166292846975,85.20690549029443,9.747080685005482,124.08,82.52,78.87,89.35,0.8166279887546859,0.0,2.887585,0.6291021507419202,1.0307695924899851,0.5392694101589955,2.887585,0.532051,0.335996,1.354784,33.34852144939635,32.25,34.21,0.47885786476145625,33.351957846753,0.39385582954213494,34.21,33.27,33.03,33.77,0.3306493731375853,-0.4859786156171009,2.401606384382899,0.6291021507419201,0.7105868622066748,0.5392694101589955,2.401606384382899,0.04607238438289918,-0.14998261561710086,0.8688053843828991,-6.019765032627567,-32.51752429959961,33.99247570040039,13.889166292846994,15.134931982353223,9.74708068500538,33.99247570040039,-7.5675242995996115,-11.217524299599603,-0.7375242995996132,1.173405056355157,0.07488360695906948,2.0348836069590703,0.4788578647614527,1.267315579099224,0.3938558295420766,2.0348836069590703,1.0948836069590726,0.8548836069590706,1.5948836069590726,2022-03-09 17:08:21,2022-03-09 15:27:07,101.233333333333,6575.61666666667,2022-03-09 22:08:21,13,4,52,53.0,87.0,98.0,15.0,82.0,90.0,57.0,22.0,45.0,86.0,89.0,99.0,25.0,59.0,54.0,85.0,42.0,57.0,99.0,23.0,28.0,30.0,63.0,0.0,0.0,0.0,8.0,84.0,47.0,17.0,40.0,59.0,39.0,25.0,59.0,0.0,0.0,0.0,25.0,48.0,54.0,31.0,73.0,0.0,29.0,20.0,0.0,11.0,0.0,0.0,50.0,16.0,0.0,31.0,86.0,0.0,22.0,6.0,10.0,43.0,0.0,0.0,15.23809523809524,20.0,5.0,2.0,6.623655913978496,5.0,-29.537634408602152,-26.0,9.849462365591393,5.0,19.784946236559136,20.0,6.827956989247312,5.0,-8.956989247311828,-7.0,-9.752688172043008,-10.0,5.935483870967744,4.0,16.13978494623656,17.0,6.290322580645167,3.0,-12.43010752688172,-10.0,-2.978494623655912,-1.0,7.344086021505376,6.0,-1.9354838709677438,-3.0,-10.817204301075272,-13.0,-9.88172043010752,-10.0,6.225806451612897,4.0,-11.043010752688176,-8.0,-26.053763440860216,-26.0,-26.903225806451616,-30.0,-8.41935483870968,-9.0,-0.7096774193548387,0.0,0.0,0.0,-0.26881720430107525,0.0,2.817204301075269,8.0,0.10752688172043179,-2.0,-19.903225806451616,-20.0,5.548387096774194,8.0,8.602150537634408,12.0,1.5053763440860237,-2.0,6.215053763440864,5.0,-6.376344086021504,-9.0,1.0430107526881756,-3.0,0.0,0.0,0.0,0.0,-18.387096774193548,-5.0,-17.344086021505376,-19.0,10.483870967741936,8.0,-17.619565217391298,-13.5,-14.032258064516128,-15.0,10.741935483870968,8.0,-0.25,0.0,-20.891304347826086,-22.0,-9.641304347826086,-6.0,-0.09782608695652174,0.0,-12.228260869565219,-8.5,-4.423913043478261,0.0,-1.901098901098901,0.0,5.373626373626372,3.0,8.593406593406593,16.0,-1.1538461538461537,0.0,11.142857142857142,10.0,11.362637362637358,5.0,-3.303370786516854,0.0,-4.123595505617978,-1.0,1.6404494382022472,6.0,-5.258426966292134,-6.0,5.022471910112358,3.0,-1.3146067415730338,0.0,0.0,0.0
34,2022-03-09 20:10:00.000,89.69179092044968,67.07,120.03,11.278637002076103,90.39785412292238,8.640210713257908,120.03,87.22,82.27,95.1,0.20393393502707133,0.10892,0.271659,0.023781872971409927,0.20531534715777952,0.02018112264308861,0.271659,0.202463,0.18196,0.220402,30.81020824656381,30.53,31.17,0.15940343978502852,30.810620426573536,0.13336514478118777,31.17,30.77,30.71,30.99,-0.28204468059002635,-0.37705861561710086,-0.2143196156171009,0.023781872971409858,0.28304512674134585,0.02018112264308865,0.37705861561710086,-0.28351561561710087,-0.30401861561710086,-0.2655766156171009,-0.39573337914978396,-23.017524299599614,29.942475700400394,11.278637002076117,11.283229875299169,8.640210713257936,29.942475700400394,-2.8675242995996086,-7.8175242995996115,5.012475700400387,-1.3649081464770116,-1.6451163930409294,-1.0051163930409288,0.15940343978502838,1.374180891320546,0.13336514478123,1.6451163930409294,-1.405116393040931,-1.4651163930409297,-1.185116393040932,2022-03-09 15:27:07,2022-03-09 11:58:22,208.75,6474.38333333333,2022-03-09 20:27:07,13,3,51,53.0,93.0,95.0,14.0,91.0,39.0,55.0,22.0,52.0,91.0,68.0,99.0,38.0,65.0,28.0,99.0,65.0,72.0,100.0,28.0,52.0,23.0,64.0,0.0,0.0,0.0,0.0,88.0,47.0,0.0,18.0,47.0,22.0,0.0,66.0,0.0,0.0,0.0,42.0,13.0,53.0,52.0,75.0,0.0,45.0,22.0,0.0,11.0,0.0,0.0,47.0,12.0,0.0,28.0,73.0,0.0,40.0,0.0,22.0,45.0,0.0,0.0,15.23809523809524,20.0,11.0,8.0,3.623655913978496,2.0,-30.537634408602152,-27.0,18.849462365591393,14.0,-31.215053763440864,-31.0,4.827956989247312,3.0,-8.956989247311828,-7.0,-2.7526881720430083,-3.0,10.935483870967744,9.0,-4.86021505376344,-4.0,6.290322580645167,3.0,0.56989247311828,3.0,3.021505376344088,5.0,-18.655913978494624,-20.0,12.064516129032256,11.0,12.182795698924728,10.0,5.118279569892479,5.0,7.225806451612897,5.0,-6.043010752688176,-3.0,-2.053763440860216,-2.0,-33.903225806451616,-37.0,-7.41935483870968,-8.0,-0.7096774193548387,0.0,0.0,0.0,-0.26881720430107525,0.0,-5.182795698924731,0.0,4.107526881720432,2.0,-19.903225806451616,-20.0,-11.451612903225806,-9.0,-13.397849462365592,-10.0,-10.494623655913976,-14.0,-10.784946236559136,-12.0,-31.376344086021504,-34.0,8.043010752688176,4.0,0.0,0.0,0.0,0.0,-18.387096774193548,-5.0,-0.34408602150537604,-2.0,-24.516129032258064,-27.0,-18.619565217391298,-14.5,6.967741935483872,6.0,12.741935483870968,10.0,-0.25,0.0,-4.891304347826086,-6.0,-7.641304347826086,-4.0,-0.09782608695652174,0.0,-12.228260869565219,-8.5,-4.423913043478261,0.0,-1.901098901098901,0.0,2.3736263736263723,0.0,4.593406593406593,12.0,-1.1538461538461537,0.0,8.142857142857142,7.0,-1.6373626373626422,-8.0,-3.303370786516854,0.0,13.876404494382022,17.0,-4.359550561797753,0.0,6.741573033707866,6.0,7.022471910112358,5.0,-1.3146067415730338,0.0,0.0,0.0
35,2022-03-09 16:31:00.000,84.63284464806313,59.07,103.77,11.328283848239002,85.38732317856177,9.389070755434581,103.77,84.9,76.37,93.97,0.215405259891712,0.021784,0.240905,0.04394789012154919,0.21984093934757593,0.021055395780704242,0.240905,0.228091,0.219121,0.231935,31.614398167430267,30.93,32.16,0.27754485774970816,31.615615928745328,0.2352875944893896,32.16,31.57,31.39,31.85,-0.27057335572539065,-0.46419461561710085,-0.24507361561710087,0.04394789012154916,0.27411777296028583,0.021055395780705286,0.46419461561710085,-0.2578876156171009,-0.26685761561710086,-0.25404361561710087,-5.454679651536335,-31.017524299599607,13.682475700400389,11.328283848239,12.57100220657977,9.38907075543455,31.017524299599607,-5.187524299599602,-13.717524299599603,3.8824757004003914,-0.5607182256106917,-1.2451163930409308,-0.015116393040933929,0.27754485774970933,0.6256228845330987,0.23528759448938377,1.2451163930409308,-0.6051163930409302,-0.78511639304093,-0.3251163930409291,2022-03-09 11:58:22,2022-03-09 11:10:19,48.05,6265.63333333333,2022-03-09 16:58:22,13,2,50,53.0,87.0,100.0,35.0,72.0,87.0,40.0,22.0,57.0,80.0,72.0,95.0,30.0,58.0,47.0,78.0,57.0,68.0,97.0,36.0,65.0,50.0,66.0,0.0,0.0,0.0,6.0,91.0,66.0,65.0,47.0,66.0,37.0,62.0,74.0,0.0,0.0,0.0,8.0,36.0,61.0,41.0,75.0,0.0,59.0,25.0,0.0,0.0,0.0,0.0,47.0,0.0,0.0,0.0,82.0,0.0,21.0,7.0,3.0,32.0,0.0,0.0,15.23809523809524,20.0,5.0,2.0,8.623655913978496,7.0,-9.537634408602152,-6.0,-0.15053763440860735,-5.0,16.784946236559136,17.0,-10.172043010752688,-12.0,-8.956989247311828,-7.0,2.2473118279569917,2.0,-0.06451612903225623,-2.0,-0.8602150537634401,0.0,2.2903225806451672,-1.0,-7.43010752688172,-5.0,-3.978494623655912,-2.0,0.34408602150537604,-1.0,-8.935483870967744,-10.0,4.182795698924728,2.0,1.1182795698924792,1.0,4.225806451612897,2.0,1.9569892473118244,5.0,10.946236559139784,11.0,-6.903225806451616,-10.0,-5.41935483870968,-6.0,-0.7096774193548387,0.0,0.0,0.0,-0.26881720430107525,0.0,0.817204301075269,6.0,7.107526881720432,5.0,-0.9032258064516157,-1.0,53.54838709677419,56.0,15.602150537634408,19.0,8.505376344086024,5.0,4.215053763440864,3.0,30.623655913978496,28.0,16.043010752688176,12.0,0.0,0.0,0.0,0.0,-18.387096774193548,-5.0,-34.344086021505376,-36.0,-1.516129032258064,-4.0,-10.619565217391298,-6.5,-4.032258064516128,-5.0,12.741935483870968,10.0,-0.25,0.0,9.108695652173914,8.0,-4.641304347826086,-1.0,-0.09782608695652174,0.0,-23.22826086956522,-19.5,-4.423913043478261,0.0,-1.901098901098901,0.0,2.3736263736263723,0.0,-7.406593406593407,0.0,-1.1538461538461537,0.0,-19.857142857142858,-21.0,7.362637362637358,1.0,-3.303370786516854,0.0,-5.123595505617978,-2.0,2.640449438202247,7.0,-12.258426966292134,-13.0,-5.977528089887642,-8.0,-1.3146067415730338,0.0,0.0,0.0
36,2022-03-09 15:56:00.000,109.0486463973344,80.18,184.2,20.347675826540886,110.92999032206302,15.852159378962158,184.2,109.7,92.8,118.67,0.28413321116201623,0.256282,0.317789,0.012429528487201065,0.28440483560991936,0.009934752128304308,0.317789,0.280628,0.275503,0.289598,34.05254477301128,33.29,34.73,0.43709216773892307,34.055348706336815,0.36400887385358277,34.73,34.07,33.77,34.47,-0.20184540445508603,-0.22969661561710086,-0.16818961561710088,0.012429528487201066,0.20222758499449056,0.009934752128303899,0.22969661561710086,-0.20535061561710088,-0.21047561561710088,-0.19638061561710085,18.961122097734826,-9.9075242995996,94.11247570040038,20.347675826540897,27.809703755475418,15.852159378962138,94.11247570040038,19.612475700400395,2.7124757004003897,28.582475700400394,1.8774283799703126,1.1148836069590686,2.5548836069590664,0.43709216773892035,1.9276170040198644,0.36400887385358155,2.5548836069590664,1.8948836069590698,1.5948836069590726,2.2948836069590683,2022-03-09 11:10:19,2022-03-08 19:44:25,0.0,6217.58333333333,2022-03-09 16:10:19,13,1,49,53.0,82.0,90.0,25.0,85.0,82.0,33.0,28.0,69.0,85.0,78.0,99.0,28.0,55.0,32.0,94.0,49.0,67.0,97.0,17.0,56.0,49.0,64.0,0.0,0.0,0.0,4.0,86.0,64.0,0.0,33.0,60.0,38.0,0.0,54.0,0.0,0.0,21.0,66.0,45.0,100.0,16.0,66.0,0.0,45.0,40.0,0.0,0.0,0.0,0.0,49.0,0.0,0.0,0.0,84.0,0.0,32.0,0.0,48.0,44.0,0.0,0.0,15.23809523809524,20.0,0.0,-3.0,-1.3763440860215042,-3.0,-19.537634408602152,-16.0,12.849462365591393,8.0,11.784946236559136,12.0,-17.172043010752688,-19.0,-2.956989247311828,-1.0,14.247311827956992,14.0,4.935483870967744,3.0,5.13978494623656,6.0,6.290322580645167,3.0,-9.43010752688172,-7.0,-6.978494623655912,-5.0,-14.655913978494624,-16.0,7.064516129032256,6.0,-3.8172043010752716,-6.0,0.11827956989247923,0.0,4.225806451612897,2.0,-17.043010752688176,-14.0,1.946236559139784,2.0,-7.903225806451616,-11.0,-7.41935483870968,-8.0,-0.7096774193548387,0.0,0.0,0.0,-0.26881720430107525,0.0,-1.182795698924731,4.0,2.107526881720432,0.0,-2.9032258064516157,-3.0,-11.451612903225806,-9.0,1.602150537634408,5.0,2.5053763440860237,-1.0,5.215053763440864,4.0,-31.376344086021504,-34.0,-3.9569892473118244,-8.0,0.0,0.0,0.0,0.0,2.612903225806452,16.0,23.655913978494624,22.0,7.483870967741936,5.0,28.380434782608702,32.5,-29.032258064516128,-30.0,3.741935483870968,1.0,-0.25,0.0,-4.891304347826086,-6.0,10.358695652173914,14.0,-0.09782608695652174,0.0,-23.22826086956522,-19.5,-4.423913043478261,0.0,-1.901098901098901,0.0,4.373626373626372,2.0,-7.406593406593407,0.0,-1.1538461538461537,0.0,-19.857142857142858,-21.0,9.362637362637358,3.0,-3.303370786516854,0.0,5.876404494382022,9.0,-4.359550561797753,0.0,32.741573033707866,32.0,6.022471910112358,4.0,-1.3146067415730338,0.0,0.0,0.0
37,2022-03-09 00:29:00.000,80.003481882549,70.58,96.48,6.5729187482763445,80.27292432907578,5.331778064845619,96.48,78.53,74.62,83.73,0.27605892877967536,0.020503,0.447212,0.062337347076995876,0.28300681710916203,0.0470943166794483,0.447212,0.278066,0.230654,0.324196,31.903944189920992,30.29,32.84,0.6546804400244463,31.91065782525471,0.5152105406586859,32.84,32.13,31.59,32.29,-0.20991968683742565,-0.4654756156171009,-0.038766615617100875,0.06233734707699587,0.21897625737325846,0.0470943166794482,0.4654756156171009,-0.2079126156171009,-0.25532461561710085,-0.1617826156171009,-10.084042417050696,-19.50752429959961,6.3924757004003965,6.572918748276341,12.036327449810624,5.331778064845602,19.50752429959961,-11.557524299599606,-15.467524299599603,-6.3575242995996035,-0.2711722031200639,-1.8851163930409314,0.6648836069590729,0.6546804400244507,0.7084929997132768,0.5152105406587253,1.8851163930409314,-0.04511639304092796,-0.5851163930409307,0.11488360695906863,2022-03-08 19:44:25,2022-03-08 16:43:51,180.566666666667,6217.58333333333,2022-03-09 00:44:25,12,4,48,32.0,82.0,100.0,16.0,86.0,69.0,43.0,15.0,48.0,74.0,63.0,99.0,30.0,58.0,25.0,62.0,62.0,77.0,89.0,18.0,59.0,28.0,69.0,0.0,0.0,0.0,0.0,77.0,51.0,9.0,17.0,29.0,32.0,21.0,50.0,0.0,0.0,1.0,39.0,31.0,78.0,59.0,56.0,0.0,33.0,44.0,0.0,16.0,12.0,0.0,20.0,22.0,0.0,29.0,82.0,5.0,1.0,13.0,22.0,32.0,0.0,0.0,-5.761904761904759,-1.0,0.0,-3.0,8.623655913978496,7.0,-28.537634408602152,-25.0,13.849462365591393,9.0,-1.2150537634408636,-1.0,-7.172043010752688,-9.0,-15.956989247311828,-14.0,-6.752688172043008,-7.0,-6.064516129032256,-8.0,-9.86021505376344,-9.0,6.290322580645167,3.0,-7.43010752688172,-5.0,-3.978494623655912,-2.0,-21.655913978494624,-23.0,-24.935483870967744,-26.0,9.182795698924728,7.0,10.11827956989248,10.0,-3.774193548387103,-6.0,-16.043010752688176,-13.0,4.946236559139784,5.0,-28.903225806451616,-32.0,-2.4193548387096797,-3.0,-0.7096774193548387,0.0,0.0,0.0,-0.26881720430107525,0.0,-5.182795698924731,0.0,-6.892473118279568,-9.0,-15.903225806451616,-16.0,-2.451612903225806,0.0,-14.397849462365592,-11.0,-28.494623655913976,-32.0,-0.7849462365591364,-2.0,-10.376344086021504,-13.0,-7.956989247311824,-12.0,0.0,0.0,0.0,0.0,-17.387096774193548,-4.0,-3.344086021505376,-5.0,-6.516129032258064,-9.0,6.3804347826087024,10.5,13.967741935483872,13.0,-6.258064516129032,-9.0,-0.25,0.0,-16.891304347826086,-18.0,14.358695652173914,18.0,-0.09782608695652174,0.0,-7.228260869565219,-3.5,7.576086956521739,12.0,-1.901098901098901,0.0,-24.626373626373628,-27.0,14.593406593406593,22.0,-1.1538461538461537,0.0,9.142857142857142,8.0,7.362637362637358,1.0,1.696629213483146,5.0,-25.123595505617978,-22.0,8.640449438202246,13.0,6.741573033707866,6.0,-5.977528089887642,-8.0,-1.3146067415730338,0.0,0.0,0.0
38,2022-03-08 21:15:00.000,81.68184922948714,55.32,109.13,15.43334474157362,83.12649048132468,13.10949196685197,109.13,82.23,68.77,92.88,0.571611279050397,0.018207,1.10491,0.18837076252999585,0.6018373699442893,0.15378975732310657,1.10491,0.492328,0.438509,0.671794,33.99989587671801,33.37,34.63,0.35357794636236284,34.00173355761359,0.31647581243481404,34.63,34.11,33.66,34.29,0.08563266343329481,-0.4677716156171009,0.6189313843828992,0.18837076252999585,0.20688576212613183,0.15378975732310596,0.6189313843828992,0.006349384382899115,-0.04746961561710089,0.18581538438289913,-8.405675070111862,-34.76752429959961,19.042475700400388,15.43334474157359,17.571121181566976,13.109491966851929,34.76752429959961,-7.8575242995996035,-21.31752429959961,2.792475700400388,1.824779483677117,1.194883606959067,2.454883606959072,0.35357794636236145,1.858705318045253,0.3164758124348044,2.454883606959072,1.934883606959069,1.484883606959066,2.1148836069590686,2022-03-08 16:43:51,2022-03-08 12:47:04,236.783333333333,6037.01666666667,2022-03-08 21:43:51,12,3,47,32.0,91.0,91.0,5.0,76.0,63.0,71.0,2.0,56.0,82.0,56.0,94.0,30.0,63.0,42.0,96.0,61.0,69.0,95.0,28.0,56.0,43.0,62.0,0.0,0.0,0.0,0.0,86.0,55.0,16.0,18.0,60.0,62.0,35.0,64.0,0.0,0.0,0.0,70.0,35.0,61.0,46.0,60.0,0.0,60.0,41.0,0.0,10.0,0.0,0.0,55.0,0.0,0.0,28.0,98.0,0.0,47.0,0.0,27.0,0.0,0.0,0.0,-5.761904761904759,-1.0,9.0,6.0,-0.37634408602150415,-2.0,-39.53763440860215,-36.0,3.8494623655913927,-1.0,-7.215053763440864,-7.0,20.827956989247312,19.0,-28.956989247311828,-27.0,1.2473118279569917,1.0,1.9354838709677438,0.0,-16.86021505376344,-16.0,1.2903225806451672,-2.0,-7.43010752688172,-5.0,1.0215053763440878,3.0,-4.655913978494624,-6.0,9.064516129032256,8.0,8.182795698924728,6.0,2.1182795698924792,2.0,2.225806451612897,0.0,-6.043010752688176,-3.0,1.946236559139784,2.0,-13.903225806451616,-17.0,-9.41935483870968,-10.0,-0.7096774193548387,0.0,0.0,0.0,-0.26881720430107525,0.0,-5.182795698924731,0.0,2.107526881720432,0.0,-11.903225806451616,-12.0,4.548387096774194,7.0,-13.397849462365592,-10.0,2.5053763440860237,-1.0,29.215053763440864,28.0,3.623655913978496,1.0,6.043010752688176,2.0,0.0,0.0,0.0,0.0,-18.387096774193548,-5.0,27.655913978494624,26.0,-2.516129032258064,-5.0,-10.619565217391298,-6.5,0.9677419354838719,0.0,-2.258064516129032,-5.0,-0.25,0.0,10.108695652173914,9.0,11.358695652173914,15.0,-0.09782608695652174,0.0,-13.228260869565219,-9.5,-4.423913043478261,0.0,-1.901098901098901,0.0,10.373626373626372,8.0,-7.406593406593407,0.0,-1.1538461538461537,0.0,8.142857142857142,7.0,23.362637362637358,17.0,-3.303370786516854,0.0,20.876404494382022,24.0,-4.359550561797753,0.0,11.741573033707866,11.0,-37.97752808988764,-40.0,-1.3146067415730338,0.0,0.0,0.0
39,2022-03-08 17:29:00.000,107.2320324864642,82.08,137.25,15.898328393281174,108.40369165941449,13.540561112170248,137.25,105.23,93.55,120.58,0.2490703473552695,0.183241,0.297287,0.023032330788375004,0.25013257534456274,0.01927887234338182,0.297287,0.251156,0.230654,0.266533,32.69476468138247,32.23,33.07,0.21376573240834382,32.695463207108354,0.17413433004884768,33.07,32.68,32.57,32.87,-0.23690826826183192,-0.3027376156171009,-0.18869161561710085,0.02303233078837491,0.23802477788593843,0.019278872343381968,0.3027376156171009,-0.23482261561710088,-0.25532461561710085,-0.21944561561710085,17.14450818686437,-8.00752429959961,47.16247570040039,15.898328393281176,23.37917310729389,13.540561112170238,47.16247570040039,15.142475700400396,3.4624757004003897,30.49247570040039,0.5196482883418247,0.054883606959066356,0.8948836069590698,0.2137657324083446,0.5618817490779081,0.17413433004886017,0.8948836069590698,0.5048836069590692,0.39488360695906977,0.6948836069590669,2022-03-08 12:47:04,2022-03-08 10:30:42,136.366666666667,5800.23333333333,2022-03-08 17:47:04,12,2,46,32.0,91.0,95.0,24.0,91.0,76.0,66.0,24.0,78.0,81.0,67.0,96.0,43.0,74.0,49.0,76.0,74.0,67.0,98.0,29.0,60.0,24.0,66.0,0.0,0.0,0.0,12.0,89.0,61.0,29.0,53.0,49.0,42.0,38.0,61.0,0.0,0.0,0.0,23.0,41.0,66.0,38.0,59.0,0.0,56.0,22.0,0.0,12.0,6.0,0.0,53.0,0.0,0.0,0.0,89.0,0.0,12.0,3.0,0.0,41.0,0.0,0.0,-5.761904761904759,-1.0,9.0,6.0,3.623655913978496,2.0,-20.537634408602152,-17.0,18.849462365591393,14.0,5.784946236559136,6.0,15.827956989247312,14.0,-6.956989247311828,-5.0,23.24731182795699,23.0,0.9354838709677438,-1.0,-5.86021505376344,-5.0,3.2903225806451672,0.0,5.56989247311828,8.0,12.021505376344088,14.0,2.344086021505376,1.0,-10.935483870967744,-12.0,21.18279569892473,19.0,0.11827956989247923,0.0,5.225806451612897,3.0,-5.043010752688176,-2.0,5.946236559139784,6.0,-32.903225806451616,-36.0,-5.41935483870968,-6.0,-0.7096774193548387,0.0,0.0,0.0,-0.26881720430107525,0.0,6.817204301075269,12.0,5.107526881720432,3.0,-5.903225806451616,-6.0,17.548387096774192,20.0,21.602150537634408,25.0,-8.494623655913976,-12.0,9.215053763440864,8.0,6.623655913978496,4.0,3.0430107526881756,-1.0,0.0,0.0,0.0,0.0,-18.387096774193548,-5.0,-19.344086021505376,-21.0,3.483870967741936,1.0,-5.6195652173912976,-1.5,-7.032258064516128,-8.0,-3.258064516129032,-6.0,-0.25,0.0,6.108695652173914,5.0,-7.641304347826086,-4.0,-0.09782608695652174,0.0,-11.228260869565219,-7.5,1.5760869565217392,6.0,-1.901098901098901,0.0,8.373626373626372,6.0,-7.406593406593407,0.0,-1.1538461538461537,0.0,-19.857142857142858,-21.0,14.362637362637358,8.0,-3.303370786516854,0.0,-14.123595505617978,-11.0,-1.3595505617977528,3.0,-15.258426966292134,-16.0,3.0224719101123583,1.0,-1.3146067415730338,0.0,0.0,0.0
40,2022-03-07 23:02:00.000,84.75081216159928,63.13,112.57,13.374294855497437,85.79916914558382,11.217323935379584,112.57,83.43,72.77,92.77,0.15063751645147797,0.027177,0.283191,0.06582366605048404,0.16438555840555993,0.05937628433487952,0.283191,0.135829,0.095091,0.202463,31.29181591003756,30.85,31.61,0.16720456860813426,31.292262440919373,0.13580636001138485,31.61,31.31,31.21,31.43,-0.33534109916562366,-0.45880161561710087,-0.20278761561710085,0.06582366605048419,0.34173762338853936,0.059376284334879896,0.45880161561710087,-0.3501496156171009,-0.3908876156171009,-0.28351561561710087,-5.33671213800031,-26.957524299599605,22.482475700400386,13.374294855497443,14.397144177428245,11.217323935379584,26.957524299599605,-6.657524299599601,-17.31752429959961,2.6824757004003885,-0.8833004830034471,-1.325116393040929,-0.5651163930409311,0.16720456860813354,0.8989802372610948,0.1358063600113865,1.325116393040929,-0.8651163930409318,-0.9651163930409297,-0.7451163930409308,2022-03-07 18:18:28,2022-03-07 17:16:31,61.95,5663.86666666667,2022-03-07 23:18:28,11,4,44,49.0,81.0,99.0,25.0,75.0,76.0,56.0,34.0,51.0,78.0,76.0,91.0,35.0,65.0,37.0,86.0,63.0,66.0,94.0,35.0,62.0,64.0,65.0,0.0,0.0,0.0,16.0,87.0,87.0,17.0,44.0,64.0,30.0,36.0,79.0,0.0,0.0,33.0,45.0,45.0,67.0,47.0,58.0,0.0,57.0,36.0,0.0,31.0,0.0,0.0,65.0,0.0,0.0,7.0,76.0,0.0,0.0,0.0,0.0,44.0,0.0,0.0,11.23809523809524,16.0,-1.0,-4.0,7.623655913978496,6.0,-19.537634408602152,-16.0,2.8494623655913927,-2.0,5.784946236559136,6.0,5.827956989247312,4.0,3.043010752688172,5.0,-3.7526881720430083,-4.0,-2.0645161290322562,-4.0,3.13978494623656,4.0,-1.7096774193548328,-5.0,-2.43010752688172,0.0,3.021505376344088,5.0,-9.655913978494624,-11.0,-0.9354838709677438,-2.0,10.182795698924728,8.0,-0.8817204301075208,-1.0,1.2258064516128968,-1.0,0.9569892473118244,4.0,7.946236559139784,8.0,7.096774193548384,4.0,-6.41935483870968,-7.0,-0.7096774193548387,0.0,0.0,0.0,-0.26881720430107525,0.0,10.817204301075268,16.0,3.107526881720432,1.0,20.096774193548384,20.0,5.548387096774194,8.0,12.602150537634408,16.0,6.505376344086024,3.0,-2.7849462365591364,-4.0,4.623655913978496,2.0,21.043010752688176,17.0,0.0,0.0,0.0,0.0,14.612903225806452,28.0,2.655913978494624,1.0,7.483870967741936,5.0,-4.6195652173912976,-0.5,1.9677419354838719,1.0,-4.258064516129032,-7.0,-0.25,0.0,7.108695652173914,6.0,6.358695652173914,10.0,-0.09782608695652174,0.0,7.771739130434781,11.5,-4.423913043478261,0.0,-1.901098901098901,0.0,20.373626373626372,18.0,-7.406593406593407,0.0,-1.1538461538461537,0.0,-12.857142857142858,-14.0,1.3626373626373578,-5.0,-3.303370786516854,0.0,-26.123595505617978,-23.0,-4.359550561797753,0.0,-15.258426966292134,-16.0,6.022471910112358,4.0,-1.3146067415730338,0.0,0.0,0.0
41,2022-03-07 14:34:00.000,111.65003748438122,79.73,151.63,21.2947698165597,113.66181956058327,19.578506428929558,151.63,108.52,90.02,129.57,0.17939024781341156,0.023065,0.304975,0.02550272171384816,0.1811932088763247,0.019854294010148692,0.304975,0.179397,0.162739,0.194774,31.903219491878634,30.57,32.97,0.38881015790045437,31.905587666162717,0.28171271827080047,32.97,31.87,31.73,32.05,-0.30658836780369014,-0.46291361561710087,-0.18100361561710088,0.02550272171384809,0.3076467864367714,0.019854294010148793,0.46291361561710087,-0.30658161561710084,-0.3232396156171009,-0.29120461561710087,21.562513184781952,-10.357524299599604,61.54247570040039,21.294769816559675,30.302150590389992,19.578506428929472,61.54247570040039,18.43247570040039,-0.06752429959961148,39.482475700400386,-0.27189690116254916,-1.6051163930409302,0.7948836069590683,0.38881015790045537,0.47438202020271475,0.28171271827076977,1.6051163930409302,-0.3051163930409295,-0.4451163930409301,-0.12511639304093336,2022-03-07 10:10:00,2022-03-06 18:26:06,0.0,5175.4,2022-03-07 15:10:00,11,1,41,49.0,85.0,88.0,25.0,83.0,80.0,45.0,18.0,67.0,91.0,58.0,83.0,37.0,49.0,57.0,85.0,39.0,74.0,90.0,20.0,64.0,69.0,73.0,0.0,0.0,0.0,0.0,93.0,87.0,10.0,29.0,69.0,11.0,36.0,54.0,0.0,0.0,20.0,72.0,48.0,99.0,50.0,57.0,0.0,63.0,49.0,0.0,30.0,31.0,0.0,45.0,0.0,0.0,29.0,72.0,0.0,5.0,0.0,21.0,45.0,0.0,0.0,11.23809523809524,16.0,3.0,0.0,-3.376344086021504,-5.0,-19.537634408602152,-16.0,10.849462365591393,6.0,9.784946236559136,10.0,-5.172043010752688,-7.0,-12.956989247311828,-11.0,12.247311827956992,12.0,10.935483870967744,9.0,-14.86021505376344,-14.0,-9.709677419354833,-13.0,-0.43010752688172005,2.0,-12.978494623655912,-11.0,10.344086021505376,9.0,-1.9354838709677438,-3.0,-13.817204301075272,-16.0,7.118279569892479,7.0,-2.774193548387103,-5.0,-14.043010752688176,-11.0,9.946236559139784,10.0,12.096774193548384,9.0,1.5806451612903203,1.0,-0.7096774193548387,0.0,0.0,0.0,-0.26881720430107525,0.0,-5.182795698924731,0.0,9.107526881720432,7.0,20.096774193548384,20.0,-1.451612903225806,1.0,-2.397849462365592,1.0,11.505376344086024,8.0,-21.784946236559136,-23.0,4.623655913978496,2.0,-3.9569892473118244,-8.0,0.0,0.0,0.0,0.0,1.612903225806452,15.0,29.655913978494624,28.0,10.483870967741936,8.0,27.380434782608702,31.5,4.967741935483872,4.0,-5.258064516129032,-8.0,-0.25,0.0,13.108695652173914,12.0,19.358695652173914,23.0,-0.09782608695652174,0.0,6.771739130434781,10.5,26.57608695652174,31.0,-1.901098901098901,0.0,0.3736263736263723,-2.0,-7.406593406593407,0.0,-1.1538461538461537,0.0,9.142857142857142,8.0,-2.637362637362642,-9.0,-3.303370786516854,0.0,-21.123595505617978,-18.0,-4.359550561797753,0.0,5.741573033707866,5.0,7.022471910112358,5.0,-1.3146067415730338,0.0,0.0,0.0
42,2022-03-04 20:16:00.000,77.62864223240335,53.83,102.13,11.412608976728286,78.46272676407335,8.862460244507993,102.13,77.48,71.02,83.82,0.3730579554352339,0.283191,0.424146,0.031459215748040614,0.37438150084257776,0.025447820089887007,0.424146,0.375453,0.360076,0.402362,29.252399000416535,28.11,29.69,0.42155218229657015,29.25543504220256,0.31804499062498176,29.69,29.39,29.27,29.53,-0.11292066018186471,-0.20278761561710085,-0.06183261561710085,0.031459215748040587,0.1172192200773062,0.025447820089886716,0.20278761561710085,-0.11052561561710089,-0.12590261561710087,-0.08361661561710088,-12.458882067196464,-36.25752429959961,12.042475700400388,11.41260897672828,16.89429308291725,8.862460244508018,36.25752429959961,-12.607524299599604,-19.06752429959961,-6.267524299599614,-2.9227173926244325,-4.065116393040931,-2.4851163930409292,0.4215521822965676,2.952949235276404,0.3180449906250008,4.065116393040931,-2.78511639304093,-2.905116393040931,-2.6451163930409294,2022-03-04 15:35:22,2022-03-04 13:06:03,149.316666666667,3939.86666666667,2022-03-04 20:35:22,8,3,31,,74.0,85.0,27.0,74.0,82.0,63.0,29.0,84.0,82.0,69.0,87.0,46.0,51.0,61.0,77.0,29.0,69.0,90.0,30.0,58.0,60.0,69.0,0.0,0.0,0.0,0.0,81.0,35.0,10.0,23.0,79.0,15.0,38.0,59.0,0.0,0.0,0.0,59.0,26.0,32.0,34.0,71.0,0.0,74.0,8.0,0.0,16.0,17.0,0.0,47.0,0.0,0.0,0.0,61.0,0.0,13.0,6.0,16.0,21.0,0.0,0.0,,,-8.0,-11.0,-6.376344086021504,-8.0,-17.537634408602152,-14.0,1.8494623655913927,-3.0,11.784946236559136,12.0,12.827956989247312,11.0,-1.956989247311828,0.0,29.24731182795699,29.0,1.9354838709677438,0.0,-3.86021505376344,-3.0,-5.709677419354833,-9.0,8.56989247311828,11.0,-10.978494623655912,-9.0,14.344086021505376,13.0,-9.935483870967744,-11.0,-23.81720430107527,-26.0,2.1182795698924792,2.0,-2.774193548387103,-5.0,-4.043010752688176,-1.0,3.946236559139784,4.0,3.0967741935483843,0.0,-2.4193548387096797,-3.0,-0.7096774193548387,0.0,0.0,0.0,-0.26881720430107525,0.0,-5.182795698924731,0.0,-2.892473118279568,-5.0,-31.903225806451616,-32.0,-1.451612903225806,1.0,-8.397849462365592,-5.0,21.505376344086024,18.0,-17.784946236559136,-19.0,6.623655913978496,4.0,1.0430107526881756,-3.0,0.0,0.0,0.0,0.0,-18.387096774193548,-5.0,16.655913978494624,15.0,-11.516129032258064,-14.0,-39.6195652173913,-35.5,-11.032258064516128,-12.0,8.741935483870968,6.0,-0.25,0.0,24.108695652173914,23.0,-21.641304347826086,-18.0,-0.09782608695652174,0.0,-7.228260869565219,-3.5,12.576086956521738,17.0,-1.901098901098901,0.0,2.3736263736263723,0.0,-7.406593406593407,0.0,-1.1538461538461537,0.0,-19.857142857142858,-21.0,-13.637362637362642,-20.0,-3.303370786516854,0.0,-13.123595505617978,-10.0,1.6404494382022472,6.0,0.7415730337078656,0.0,-16.97752808988764,-19.0,-1.3146067415730338,0.0,0.0,0.0
43,2022-03-04 17:46:00.000,109.24941690962113,70.67,175.97,32.62244659729251,114.01410384287429,29.494694994675623,175.97,91.05,81.72,140.25,0.2995282728029975,0.175553,0.348543,0.025564541074718276,0.30061679888421217,0.02114555654427632,0.348543,0.302412,0.280628,0.322915,30.245251978342438,29.79,30.73,0.2701705268229568,30.246458122336943,0.23704969521062505,30.73,30.33,29.93,30.43,-0.1864503428141009,-0.3104256156171009,-0.13743561561710088,0.025564541074718464,0.18819405914783546,0.02114555654427597,0.3104256156171009,-0.18356661561710086,-0.20535061561710088,-0.16306361561710087,19.161892610021404,-19.417524299599606,85.88247570040039,32.62244659729248,37.82801750554112,29.494694994675452,85.88247570040039,0.9624757004003897,-8.367524299599609,50.16247570040039,-1.92986441469858,-2.3851163930409314,-1.44511639304093,0.2701705268229562,1.9486760561904508,0.23704969521064148,2.3851163930409314,-1.8451163930409322,-2.245116393040931,-1.7451163930409308,2022-03-04 13:06:03,2022-03-04 10:05:27,180.6,3790.55,2022-03-04 18:06:03,8,2,30,,,81.0,25.0,66.0,70.0,53.0,28.0,64.0,70.0,74.0,89.0,43.0,60.0,60.0,82.0,59.0,66.0,94.0,30.0,49.0,32.0,22.0,0.0,0.0,0.0,0.0,93.0,62.0,0.0,15.0,65.0,30.0,55.0,65.0,0.0,0.0,0.0,62.0,51.0,56.0,44.0,66.0,0.0,53.0,26.0,0.0,0.0,19.0,0.0,64.0,0.0,0.0,18.0,72.0,0.0,13.0,0.0,51.0,23.0,0.0,0.0,,,,,-10.376344086021504,-12.0,-19.537634408602152,-16.0,-6.150537634408607,-11.0,-0.21505376344086358,0.0,2.827956989247312,1.0,-2.956989247311828,-1.0,9.247311827956992,9.0,-10.064516129032256,-12.0,1.13978494623656,2.0,-3.7096774193548328,-7.0,5.56989247311828,8.0,-1.9784946236559122,0.0,13.344086021505376,12.0,-4.935483870967744,-6.0,6.182795698924728,4.0,-0.8817204301075208,-1.0,1.2258064516128968,-1.0,-4.043010752688176,-1.0,-5.053763440860216,-5.0,-24.903225806451616,-28.0,-49.41935483870968,-50.0,-0.7096774193548387,0.0,0.0,0.0,-0.26881720430107525,0.0,-5.182795698924731,0.0,9.107526881720432,7.0,-4.903225806451616,-5.0,-11.451612903225806,-9.0,-16.397849462365592,-13.0,7.505376344086024,4.0,-2.7849462365591364,-4.0,23.623655913978496,21.0,7.043010752688176,3.0,0.0,0.0,0.0,0.0,-18.387096774193548,-5.0,19.655913978494624,18.0,13.483870967741936,11.0,-15.619565217391298,-11.5,-1.0322580645161281,-2.0,3.741935483870968,1.0,-0.25,0.0,3.108695652173914,2.0,-3.641304347826086,0.0,-0.09782608695652174,0.0,-23.22826086956522,-19.5,14.576086956521738,19.0,-1.901098901098901,0.0,19.373626373626372,17.0,-7.406593406593407,0.0,-1.1538461538461537,0.0,-1.8571428571428577,-3.0,-2.637362637362642,-9.0,-3.303370786516854,0.0,-13.123595505617978,-10.0,-4.359550561797753,0.0,35.741573033707866,35.0,-14.977528089887642,-17.0,-1.3146067415730338,0.0,0.0,0.0
44,2022-03-03 23:08:00.000,100.9002790503954,70.13,124.78,14.365537719269872,101.91736375749205,12.592497177265997,124.78,101.93,87.18,114.17,0.27965176218242355,0.158895,0.403644,0.04274540990424786,0.28289842197481435,0.03385522730932059,0.403644,0.27294,0.252437,0.308819,32.92394418992078,32.11,33.5,0.3263285336649803,32.92556069348584,0.2804282055876667,33.5,32.89,32.66,33.23,-0.2063268534346767,-0.32708361561710086,-0.08233461561710087,0.04274540990424784,0.2107063822297753,0.0338552273093209,0.32708361561710086,-0.21303861561710086,-0.23354161561710085,-0.17715961561710086,10.812754750796097,-19.957524299599612,34.692475700400394,14.36553771926985,17.97771921379674,12.592497177265965,34.692475700400394,11.8424757004004,-2.9075242995996007,24.082475700400394,0.7488277968799418,-0.06511639304093109,1.3248836069590695,0.3263285336649837,0.8168163984524842,0.280428205587669,1.3248836069590695,0.71488360695907,0.48488360695906607,1.0548836069590664,2022-03-03 18:24:43,2022-03-03 17:16:06,68.6166666666667,3609.95,2022-03-03 23:24:43,7,4,28,20.0,65.0,89.0,36.0,59.0,62.0,72.0,18.0,56.0,87.0,77.0,93.0,38.0,54.0,55.0,76.0,36.0,54.0,91.0,23.0,58.0,58.0,65.0,1.0,0.0,0.0,0.0,78.0,55.0,18.0,49.0,60.0,36.0,0.0,35.0,0.0,0.0,25.0,9.0,35.0,40.0,48.0,65.0,0.0,52.0,9.0,0.0,22.0,30.0,0.0,49.0,0.0,0.0,46.0,7.0,3.0,17.0,0.0,4.0,38.0,0.0,0.0,-17.76190476190476,-13.0,-17.0,-20.0,-2.376344086021504,-4.0,-8.537634408602152,-5.0,-13.150537634408607,-18.0,-8.215053763440864,-8.0,21.827956989247312,20.0,-12.956989247311828,-11.0,1.2473118279569917,1.0,6.935483870967744,5.0,4.13978494623656,5.0,0.29032258064516725,-3.0,0.56989247311828,3.0,-7.978494623655912,-6.0,8.344086021505376,7.0,-10.935483870967744,-12.0,-16.81720430107527,-19.0,-12.88172043010752,-13.0,-1.7741935483871032,-4.0,-11.043010752688176,-8.0,3.946236559139784,4.0,1.0967741935483843,-2.0,-6.41935483870968,-7.0,0.29032258064516125,1.0,0.0,0.0,-0.26881720430107525,0.0,-5.182795698924731,0.0,-5.892473118279568,-8.0,-11.903225806451616,-12.0,6.548387096774194,9.0,17.602150537634408,21.0,2.5053763440860237,-1.0,3.2150537634408636,2.0,-31.376344086021504,-34.0,-22.956989247311824,-27.0,0.0,0.0,0.0,0.0,6.612903225806452,20.0,-33.344086021505376,-35.0,-2.516129032258064,-5.0,-31.619565217391298,-27.5,2.967741935483872,2.0,2.741935483870968,0.0,-0.25,0.0,2.108695652173914,1.0,-20.641304347826086,-17.0,-0.09782608695652174,0.0,-1.2282608695652186,2.5,25.57608695652174,30.0,-1.901098901098901,0.0,4.373626373626372,2.0,-7.406593406593407,0.0,-1.1538461538461537,0.0,26.142857142857142,25.0,-67.63736263736264,-74.0,-0.303370786516854,3.0,-9.123595505617978,-6.0,-4.359550561797753,0.0,-11.258426966292134,-12.0,0.022471910112358273,-2.0,-1.3146067415730338,0.0,0.0,0.0
45,2022-03-03 21:58:00.000,88.95617659308637,62.78,114.27,14.561559653489573,90.13962536425382,12.901905449988705,114.27,90.73,74.55,100.32,0.334477996251563,0.184523,0.524096,0.0300106004860571,0.3358210699304458,0.020938665738157693,0.524096,0.342136,0.330603,0.348543,30.332157434402408,29.47,30.73,0.38729081692024053,30.33462883126625,0.32388370734737115,30.73,30.49,30.05,30.63,-0.1515006193655381,-0.3014556156171009,0.03811738438289913,0.030010600486057148,0.15444318923446315,0.02093866573815773,0.3014556156171009,-0.14384261561710088,-0.1553756156171009,-0.13743561561710088,-1.1313477065134139,-27.307524299599606,24.18247570040039,14.561559653489594,14.60241947009776,12.901905449988611,27.307524299599606,0.6424757004003965,-15.53752429959961,10.232475700400386,-1.8429589586385888,-2.7051163930409317,-1.44511639304093,0.3872908169202384,1.8831965984870251,0.3238837073473979,2.7051163930409317,-1.685116393040932,-2.12511639304093,-1.5451163930409315,2022-03-03 17:16:06,2022-03-03 11:33:35,342.516666666667,3541.33333333333,2022-03-03 22:16:06,7,3,27,20.0,60.0,87.0,21.0,72.0,67.0,47.0,26.0,66.0,66.0,75.0,80.0,40.0,54.0,64.0,77.0,52.0,59.0,94.0,41.0,41.0,56.0,35.0,0.0,0.0,0.0,10.0,72.0,78.0,0.0,28.0,48.0,35.0,52.0,57.0,0.0,0.0,0.0,32.0,0.0,29.0,40.0,66.0,0.0,58.0,26.0,0.0,0.0,0.0,0.0,48.0,0.0,0.0,45.0,84.0,0.0,32.0,0.0,12.0,0.0,0.0,0.0,-17.76190476190476,-13.0,-22.0,-25.0,-4.376344086021504,-6.0,-23.537634408602152,-20.0,-0.15053763440860735,-5.0,-3.2150537634408636,-3.0,-3.172043010752688,-5.0,-4.956989247311828,-3.0,11.247311827956992,11.0,-14.064516129032256,-16.0,2.13978494623656,3.0,-12.709677419354833,-16.0,2.56989247311828,5.0,-7.978494623655912,-6.0,17.344086021505376,16.0,-9.935483870967744,-11.0,-0.8172043010752716,-3.0,-7.881720430107521,-8.0,1.2258064516128968,-1.0,6.956989247311824,10.0,-13.053763440860216,-13.0,-0.9032258064516157,-4.0,-36.41935483870968,-37.0,-0.7096774193548387,0.0,0.0,0.0,-0.26881720430107525,0.0,4.817204301075269,10.0,-11.892473118279568,-14.0,11.096774193548384,11.0,-11.451612903225806,-9.0,-3.397849462365592,0.0,-9.494623655913976,-13.0,2.2150537634408636,1.0,20.623655913978496,18.0,-0.9569892473118244,-5.0,0.0,0.0,0.0,0.0,-18.387096774193548,-5.0,-10.344086021505376,-12.0,-37.516129032258064,-40.0,-42.6195652173913,-38.5,-5.032258064516128,-6.0,3.741935483870968,1.0,-0.25,0.0,8.108695652173914,7.0,-3.641304347826086,0.0,-0.09782608695652174,0.0,-23.22826086956522,-19.5,-4.423913043478261,0.0,-1.901098901098901,0.0,3.3736263736263723,1.0,-7.406593406593407,0.0,-1.1538461538461537,0.0,25.142857142857142,24.0,9.362637362637358,3.0,-3.303370786516854,0.0,5.876404494382022,9.0,-4.359550561797753,0.0,-3.2584269662921344,-4.0,-37.97752808988764,-40.0,-1.3146067415730338,0.0,0.0,0.0
46,2022-03-03 16:20:00.000,90.71497709287776,71.68,111.85,10.82194296756478,91.35793748323769,9.474463801959526,111.85,92.15,82.0,99.37,0.3562422028321538,0.292161,0.413895,0.026820287444039928,0.3572499619344868,0.02340709531586597,0.413895,0.360076,0.329322,0.379297,33.429283631820034,32.47,34.23,0.4966756016450475,33.432971570691386,0.4257268481600621,34.23,33.34,33.0,33.93,-0.12973641278494835,-0.19381761561710087,-0.07208361561710086,0.02682028744403984,0.13247854553018773,0.023407095315866024,0.19381761561710087,-0.12590261561710087,-0.15665661561710087,-0.10668161561710088,0.62745279327836,-18.4075242995996,21.762475700400387,10.821942967564782,10.83786737497691,9.474463801959512,21.762475700400387,2.062475700400398,-8.087524299599608,9.282475700400397,1.2541672387791718,0.29488360695906835,2.0548836069590664,0.49667560164504837,1.3488956122697426,0.4257268481600731,2.0548836069590664,1.164883606959073,0.8248836069590695,1.7548836069590692,2022-03-03 11:33:35,2022-03-03 11:05:06,28.4833333333333,3198.81666666667,2022-03-03 16:33:35,7,2,26,20.0,72.0,90.0,36.0,50.0,59.0,43.0,26.0,54.0,72.0,65.0,87.0,26.0,53.0,57.0,76.0,45.0,49.0,89.0,24.0,51.0,51.0,59.0,0.0,0.0,0.0,8.0,77.0,88.0,4.0,32.0,65.0,29.0,71.0,63.0,0.0,0.0,0.0,0.0,52.0,67.0,54.0,69.0,0.0,56.0,12.0,0.0,21.0,2.0,0.0,37.0,0.0,0.0,21.0,68.0,0.0,0.0,0.0,0.0,44.0,0.0,0.0,-17.76190476190476,-13.0,-10.0,-13.0,-1.3763440860215042,-3.0,-8.537634408602152,-5.0,-22.150537634408607,-27.0,-11.215053763440864,-11.0,-7.172043010752688,-9.0,-4.956989247311828,-3.0,-0.7526881720430083,-1.0,-8.064516129032256,-10.0,-7.86021505376344,-7.0,-5.709677419354833,-9.0,-11.43010752688172,-9.0,-8.978494623655912,-7.0,10.344086021505376,9.0,-10.935483870967744,-12.0,-7.817204301075272,-10.0,-17.88172043010752,-18.0,-3.774193548387103,-6.0,-10.043010752688176,-7.0,-3.053763440860216,-3.0,-5.903225806451616,-9.0,-12.41935483870968,-13.0,-0.7096774193548387,0.0,0.0,0.0,-0.26881720430107525,0.0,2.817204301075269,8.0,-6.892473118279568,-9.0,21.096774193548384,21.0,-7.451612903225806,-5.0,0.6021505376344081,4.0,7.505376344086024,4.0,-3.7849462365591364,-5.0,39.623655913978496,37.0,5.043010752688176,1.0,0.0,0.0,0.0,0.0,-18.387096774193548,-5.0,-42.344086021505376,-44.0,14.483870967741936,12.0,-4.6195652173912976,-0.5,8.967741935483872,8.0,6.741935483870968,4.0,-0.25,0.0,6.108695652173914,5.0,-17.641304347826086,-14.0,-0.09782608695652174,0.0,-2.2282608695652186,1.5,-2.4239130434782608,2.0,-1.901098901098901,0.0,-7.626373626373628,-10.0,-7.406593406593407,0.0,-1.1538461538461537,0.0,1.1428571428571423,0.0,-6.637362637362642,-13.0,-3.303370786516854,0.0,-26.123595505617978,-23.0,-4.359550561797753,0.0,-15.258426966292134,-16.0,6.022471910112358,4.0,-1.3146067415730338,0.0,0.0,0.0
47,2022-03-03 15:48:00.000,167.0810162432317,144.22,200.92,15.872502957425647,167.83294494599718,13.520044032742756,200.92,163.55,154.0,181.15,0.32530694169096425,0.276784,0.349824,0.012414818673293863,0.3255436527439608,0.010453253301892057,0.349824,0.324196,0.317789,0.338292,33.57452311536851,32.75,33.97,0.3193138992218982,33.57604088221921,0.24994514121132086,33.97,33.63,33.47,33.83,-0.16067167392613696,-0.2091946156171009,-0.13615461561710085,0.012414818673293805,0.16115039662309583,0.010453253301892085,0.2091946156171009,-0.1617826156171009,-0.16818961561710088,-0.1476866156171009,76.99349194363289,54.13247570040039,110.83247570040038,15.872502957425668,78.6118898262163,13.520044032742979,110.83247570040038,73.4624757004004,63.91247570040039,91.0624757004004,1.399406722327666,0.5748836069590695,1.7948836069590683,0.3193138992218964,1.435359911145569,0.2499451412112939,1.7948836069590683,1.454883606959072,1.2948836069590683,1.6548836069590678,2022-03-03 11:05:06,2022-03-02 21:02:28,0.0,3170.33333333333,2022-03-03 16:05:06,7,1,25,20.0,69.0,92.0,28.0,51.0,67.0,27.0,13.0,55.0,72.0,63.0,96.0,23.0,53.0,48.0,77.0,47.0,66.0,93.0,30.0,37.0,62.0,51.0,0.0,0.0,0.0,9.0,75.0,69.0,0.0,50.0,61.0,28.0,45.0,57.0,0.0,0.0,47.0,65.0,46.0,99.0,51.0,64.0,0.0,45.0,48.0,0.0,14.0,7.0,0.0,45.0,0.0,0.0,42.0,60.0,0.0,54.0,16.0,11.0,39.0,0.0,0.0,-17.76190476190476,-13.0,-13.0,-16.0,0.6236559139784958,-1.0,-16.537634408602152,-13.0,-21.150537634408607,-26.0,-3.2150537634408636,-3.0,-23.172043010752688,-25.0,-17.956989247311828,-16.0,0.2473118279569917,0.0,-8.064516129032256,-10.0,-9.86021505376344,-9.0,3.2903225806451672,0.0,-14.43010752688172,-12.0,-8.978494623655912,-7.0,1.344086021505376,0.0,-9.935483870967744,-11.0,-5.817204301075272,-8.0,-0.8817204301075208,-1.0,0.2258064516128968,-2.0,-4.043010752688176,-1.0,-17.053763440860216,-17.0,5.096774193548384,2.0,-20.41935483870968,-21.0,-0.7096774193548387,0.0,0.0,0.0,-0.26881720430107525,0.0,3.817204301075269,9.0,-8.892473118279568,-11.0,2.0967741935483843,2.0,-11.451612903225806,-9.0,18.602150537634408,22.0,3.5053763440860237,0.0,-4.784946236559136,-6.0,13.623655913978496,11.0,-0.9569892473118244,-5.0,0.0,0.0,0.0,0.0,28.612903225806452,42.0,22.655913978494624,21.0,8.483870967741936,6.0,27.380434782608702,31.5,5.967741935483872,5.0,1.741935483870968,-1.0,-0.25,0.0,-4.891304347826086,-6.0,18.358695652173914,22.0,-0.09782608695652174,0.0,-9.228260869565219,-5.5,2.5760869565217392,7.0,-1.901098901098901,0.0,0.3736263736263723,-2.0,-7.406593406593407,0.0,-1.1538461538461537,0.0,22.142857142857142,21.0,-14.637362637362642,-21.0,-3.303370786516854,0.0,27.876404494382022,31.0,11.640449438202246,16.0,-4.258426966292134,-5.0,1.0224719101123583,-1.0,-1.3146067415730338,0.0,0.0,0.0
48,2022-03-03 15:48:00.000,167.0810162432317,144.22,200.92,15.872502957425647,167.83294494599718,13.520044032742756,200.92,163.55,154.0,181.15,0.32530694169096425,0.276784,0.349824,0.012414818673293863,0.3255436527439608,0.010453253301892057,0.349824,0.324196,0.317789,0.338292,33.57452311536851,32.75,33.97,0.3193138992218982,33.57604088221921,0.24994514121132086,33.97,33.63,33.47,33.83,-0.16067167392613696,-0.2091946156171009,-0.13615461561710085,0.012414818673293805,0.16115039662309583,0.010453253301892085,0.2091946156171009,-0.1617826156171009,-0.16818961561710088,-0.1476866156171009,76.99349194363289,54.13247570040039,110.83247570040038,15.872502957425668,78.6118898262163,13.520044032742979,110.83247570040038,73.4624757004004,63.91247570040039,91.0624757004004,1.399406722327666,0.5748836069590695,1.7948836069590683,0.3193138992218964,1.435359911145569,0.2499451412112939,1.7948836069590683,1.454883606959072,1.2948836069590683,1.6548836069590678,2022-03-03 11:33:35,2022-03-03 11:05:06,28.4833333333333,3198.81666666667,2022-03-03 16:33:35,7,2,26,20.0,72.0,90.0,36.0,50.0,59.0,43.0,26.0,54.0,72.0,65.0,87.0,26.0,53.0,57.0,76.0,45.0,49.0,89.0,24.0,51.0,51.0,59.0,0.0,0.0,0.0,8.0,77.0,88.0,4.0,32.0,65.0,29.0,71.0,63.0,0.0,0.0,0.0,0.0,52.0,67.0,54.0,69.0,0.0,56.0,12.0,0.0,21.0,2.0,0.0,37.0,0.0,0.0,21.0,68.0,0.0,0.0,0.0,0.0,44.0,0.0,0.0,-17.76190476190476,-13.0,-10.0,-13.0,-1.3763440860215042,-3.0,-8.537634408602152,-5.0,-22.150537634408607,-27.0,-11.215053763440864,-11.0,-7.172043010752688,-9.0,-4.956989247311828,-3.0,-0.7526881720430083,-1.0,-8.064516129032256,-10.0,-7.86021505376344,-7.0,-5.709677419354833,-9.0,-11.43010752688172,-9.0,-8.978494623655912,-7.0,10.344086021505376,9.0,-10.935483870967744,-12.0,-7.817204301075272,-10.0,-17.88172043010752,-18.0,-3.774193548387103,-6.0,-10.043010752688176,-7.0,-3.053763440860216,-3.0,-5.903225806451616,-9.0,-12.41935483870968,-13.0,-0.7096774193548387,0.0,0.0,0.0,-0.26881720430107525,0.0,2.817204301075269,8.0,-6.892473118279568,-9.0,21.096774193548384,21.0,-7.451612903225806,-5.0,0.6021505376344081,4.0,7.505376344086024,4.0,-3.7849462365591364,-5.0,39.623655913978496,37.0,5.043010752688176,1.0,0.0,0.0,0.0,0.0,-18.387096774193548,-5.0,-42.344086021505376,-44.0,14.483870967741936,12.0,-4.6195652173912976,-0.5,8.967741935483872,8.0,6.741935483870968,4.0,-0.25,0.0,6.108695652173914,5.0,-17.641304347826086,-14.0,-0.09782608695652174,0.0,-2.2282608695652186,1.5,-2.4239130434782608,2.0,-1.901098901098901,0.0,-7.626373626373628,-10.0,-7.406593406593407,0.0,-1.1538461538461537,0.0,1.1428571428571423,0.0,-6.637362637362642,-13.0,-3.303370786516854,0.0,-26.123595505617978,-23.0,-4.359550561797753,0.0,-15.258426966292134,-16.0,6.022471910112358,4.0,-1.3146067415730338,0.0,0.0,0.0
49,2022-03-03 01:42:00.000,83.04462723865083,64.9,104.08,10.106620361001363,83.657105771999,8.217924608325662,104.08,80.3,76.22,89.88,0.18382154435651954,0.012814,0.477965,0.09356100818853746,0.20625318563042602,0.070736558626742,0.477965,0.170427,0.124297,0.234498,25.700503956684578,24.93,26.95,0.4944712201822293,25.705258286620083,0.3855574962604831,26.95,25.63,25.31,25.97,-0.30215707126058117,-0.4731646156171009,-0.0080136156171009,0.09356100818853749,0.31630509342382795,0.07073655862674236,0.4731646156171009,-0.3155516156171009,-0.3616816156171009,-0.2514806156171009,-7.042897060949082,-25.187524299599602,13.99247570040039,10.10662036100139,12.316802829961185,8.217924608325585,25.187524299599602,-9.78752429959961,-13.867524299599609,-0.20752429959961205,-6.4746124363562165,-7.245116393040931,-5.225116393040931,0.4944712201822289,6.493458720535088,0.3855574962604973,7.245116393040931,-6.5451163930409315,-6.865116393040932,-6.205116393040932,2022-03-02 21:02:28,2022-03-02 16:07:07,295.35,3170.33333333333,2022-03-03 02:02:28,6,4,24,27.0,77.0,69.0,28.0,57.0,68.0,57.0,44.0,59.0,79.0,65.0,76.0,36.0,57.0,61.0,90.0,58.0,60.0,85.0,32.0,60.0,63.0,64.0,0.0,0.0,0.0,6.0,88.0,65.0,8.0,15.0,41.0,7.0,15.0,51.0,0.0,0.0,45.0,51.0,57.0,54.0,47.0,65.0,0.0,33.0,26.0,0.0,16.0,9.0,7.0,37.0,0.0,0.0,26.0,88.0,0.0,23.0,7.0,4.0,36.0,0.0,0.0,-10.76190476190476,-6.0,-5.0,-8.0,-22.376344086021504,-24.0,-16.537634408602152,-13.0,-15.150537634408607,-20.0,-2.2150537634408636,-2.0,6.827956989247312,5.0,13.043010752688172,15.0,4.247311827956992,4.0,-1.0645161290322562,-3.0,-7.86021505376344,-7.0,-16.709677419354833,-20.0,-1.43010752688172,1.0,-4.978494623655912,-3.0,14.344086021505376,13.0,3.0645161290322562,2.0,5.182795698924728,3.0,-6.881720430107521,-7.0,-7.774193548387103,-10.0,-2.0430107526881756,1.0,5.946236559139784,6.0,6.096774193548384,3.0,-7.41935483870968,-8.0,-0.7096774193548387,0.0,0.0,0.0,-0.26881720430107525,0.0,0.817204301075269,6.0,4.107526881720432,2.0,-1.9032258064516157,-2.0,-3.451612903225806,-1.0,-16.397849462365592,-13.0,-16.494623655913976,-20.0,-25.784946236559136,-27.0,-16.376344086021504,-19.0,-6.956989247311824,-11.0,0.0,0.0,0.0,0.0,26.612903225806452,40.0,8.655913978494624,7.0,19.483870967741936,17.0,-17.619565217391298,-13.5,1.9677419354838719,1.0,2.741935483870968,0.0,-0.25,0.0,-16.891304347826086,-18.0,-3.641304347826086,0.0,-0.09782608695652174,0.0,-7.228260869565219,-3.5,4.576086956521739,9.0,5.0989010989010985,7.0,-7.626373626373628,-10.0,-7.406593406593407,0.0,-1.1538461538461537,0.0,6.142857142857142,5.0,13.362637362637358,7.0,-3.303370786516854,0.0,-3.1235955056179776,0.0,2.640449438202247,7.0,-11.258426966292134,-12.0,-1.9775280898876417,-4.0,-1.3146067415730338,0.0,0.0,0.0
50,2022-03-02 20:50:00.000,80.97733860891294,66.53,98.62,6.6087175600903265,81.24645423384747,5.041001026748353,98.62,80.8,77.2,84.15,2.141256204498131,0.834632,3.726283,0.5292393503885426,2.2056644726599868,0.42509980634752287,3.726283,1.98938,1.788199,2.642836,32.72754269054545,31.69,34.03,0.652634884485647,32.73404657930414,0.515040210407935,34.03,32.65,32.37,33.21,1.6552775888810263,0.34865338438289917,3.240304384382899,0.5292393503885426,1.737792142030953,0.42509980634752187,3.240304384382899,1.503401384382899,1.3022203843828992,2.1568573843828993,-9.110185690686663,-23.557524299599606,8.532475700400397,6.6087175600903265,11.253996654918842,5.041001026748353,23.557524299599606,-9.28752429959961,-12.887524299599605,-5.937524299599602,0.5524262975046688,-0.48511639304092924,1.8548836069590706,0.6526348844856465,0.8549442723064234,0.5150402104079538,1.8548836069590706,0.47488360695906806,0.19488360695906692,1.0348836069590703,2022-03-02 16:07:07,2022-03-02 12:56:30,190.616666666667,2874.98333333333,2022-03-02 21:07:07,6,3,23,27.0,72.0,94.0,59.0,25.0,69.0,67.0,28.0,58.0,87.0,67.0,94.0,30.0,58.0,63.0,95.0,56.0,50.0,90.0,38.0,54.0,64.0,75.0,0.0,0.0,0.0,7.0,86.0,70.0,0.0,62.0,39.0,26.0,61.0,61.0,0.0,0.0,24.0,0.0,41.0,38.0,40.0,66.0,0.0,45.0,31.0,0.0,19.0,6.0,0.0,30.0,0.0,0.0,35.0,62.0,0.0,66.0,4.0,9.0,40.0,0.0,0.0,-10.76190476190476,-6.0,-10.0,-13.0,2.623655913978496,1.0,14.462365591397848,18.0,-47.15053763440861,-52.0,-1.2150537634408636,-1.0,16.827956989247312,15.0,-2.956989247311828,-1.0,3.2473118279569917,3.0,6.935483870967744,5.0,-5.86021505376344,-5.0,1.2903225806451672,-2.0,-7.43010752688172,-5.0,-3.978494623655912,-2.0,16.344086021505376,15.0,8.064516129032256,7.0,3.1827956989247284,1.0,-16.88172043010752,-17.0,-2.774193548387103,-5.0,3.9569892473118244,7.0,-0.053763440860215894,0.0,7.096774193548384,4.0,3.5806451612903203,3.0,-0.7096774193548387,0.0,0.0,0.0,-0.26881720430107525,0.0,1.817204301075269,7.0,2.107526881720432,0.0,3.0967741935483843,3.0,-11.451612903225806,-9.0,30.602150537634408,34.0,-18.494623655913976,-22.0,-6.784946236559136,-8.0,29.623655913978496,27.0,3.0430107526881756,-1.0,0.0,0.0,0.0,0.0,5.612903225806452,19.0,-42.344086021505376,-44.0,3.483870967741936,1.0,-33.6195652173913,-29.5,-5.032258064516128,-6.0,3.741935483870968,1.0,-0.25,0.0,-4.891304347826086,-6.0,1.358695652173914,5.0,-0.09782608695652174,0.0,-4.228260869565219,-0.5,1.5760869565217392,6.0,-1.901098901098901,0.0,-14.626373626373628,-17.0,-7.406593406593407,0.0,-1.1538461538461537,0.0,15.142857142857142,14.0,-12.637362637362642,-19.0,-3.303370786516854,0.0,39.87640449438202,43.0,-0.3595505617977528,4.0,-6.258426966292134,-7.0,2.0224719101123583,0.0,-1.3146067415730338,0.0,0.0,0.0
51,2022-03-02 17:42:00.000,89.28383590170738,55.17,105.8,12.402454507934863,90.14077970489234,10.215986376632957,105.8,92.92,81.67,98.82,1.2869639475218684,0.694859,1.930236,0.2754364708283807,1.3160964456788158,0.21091313806322232,1.930236,1.274155,1.106191,1.41511,31.336239067055246,29.91,32.03,0.42704748895541794,31.33914760279551,0.3426228381517621,32.03,31.43,31.07,31.63,0.8009853319047662,0.20888038438289913,1.4442573843828992,0.27543647082838074,0.8470012715657137,0.2109131380632219,1.4442573843828992,0.788176384382899,0.620212384382899,0.9291313843828992,-0.8036883978919849,-34.917524299599606,15.71247570040039,12.402454507934861,12.425889405743375,10.215986376632912,34.917524299599606,2.832475700400394,-8.417524299599606,8.732475700400386,-0.8388773259855458,-2.2651163930409304,-0.14511639304092938,0.42704748895541955,0.9412803887302728,0.3426228381517446,2.2651163930409304,-0.7451163930409308,-1.1051163930409302,-0.5451163930409315,2022-03-02 12:56:30,2022-03-02 09:55:23,181.116666666667,2684.36666666667,2022-03-02 17:56:30,6,2,22,27.0,73.0,94.0,70.0,60.0,67.0,64.0,39.0,65.0,76.0,75.0,96.0,38.0,51.0,59.0,83.0,84.0,57.0,90.0,38.0,57.0,85.0,96.0,0.0,0.0,0.0,52.0,75.0,86.0,16.0,63.0,44.0,47.0,54.0,59.0,0.0,0.0,39.0,80.0,49.0,47.0,37.0,73.0,0.0,40.0,9.0,0.0,22.0,24.0,0.0,28.0,0.0,0.0,22.0,81.0,16.0,40.0,8.0,19.0,46.0,0.0,0.0,-10.76190476190476,-6.0,-9.0,-12.0,2.623655913978496,1.0,25.462365591397848,29.0,-12.150537634408607,-17.0,-3.2150537634408636,-3.0,13.827956989247312,12.0,8.043010752688172,10.0,10.247311827956992,10.0,-4.064516129032256,-6.0,2.13978494623656,3.0,3.2903225806451672,0.0,0.56989247311828,3.0,-10.978494623655912,-9.0,12.344086021505376,11.0,-3.9354838709677438,-5.0,31.18279569892473,29.0,-9.88172043010752,-10.0,-2.774193548387103,-5.0,3.9569892473118244,7.0,2.946236559139784,3.0,28.096774193548384,25.0,24.58064516129032,24.0,-0.7096774193548387,0.0,0.0,0.0,-0.26881720430107525,0.0,46.81720430107527,52.0,-8.892473118279568,-11.0,19.096774193548384,19.0,4.548387096774194,7.0,31.602150537634408,35.0,-13.494623655913976,-17.0,14.215053763440864,13.0,22.623655913978496,20.0,1.0430107526881756,-3.0,0.0,0.0,0.0,0.0,20.612903225806452,34.0,37.655913978494624,36.0,11.483870967741936,9.0,-24.619565217391298,-20.5,-8.032258064516128,-9.0,10.741935483870968,8.0,-0.25,0.0,-9.891304347826086,-11.0,-20.641304347826086,-17.0,-0.09782608695652174,0.0,-1.2282608695652186,2.5,19.57608695652174,24.0,-1.901098901098901,0.0,-16.626373626373628,-19.0,-7.406593406593407,0.0,-1.1538461538461537,0.0,2.1428571428571423,1.0,6.362637362637358,0.0,12.696629213483146,16.0,13.876404494382022,17.0,3.640449438202247,8.0,3.7415730337078656,3.0,8.022471910112358,6.0,-1.3146067415730338,0.0,0.0,0.0
52,2022-03-02 14:44:27.250,137.92725274725254,1.0,170.13,21.76850059398241,139.63294999322162,18.109541520750312,170.13,131.1,121.77,158.57,0.18239300641025638,0.065352,0.239623,0.021012818156083614,0.1835983196407914,0.01553012409598948,0.239623,0.186445,0.171709,0.194774,32.392765567765565,31.73,33.05,0.3670398944659259,32.39484304706471,0.3317481450173763,33.05,32.49,31.99,32.73,-0.3035856092068446,-0.4206266156171009,-0.24635561561710087,0.021012818156083614,0.3043112819220495,0.015530124095989492,0.4206266156171009,-0.2995336156171009,-0.3142696156171009,-0.29120461561710087,47.839728447653115,-89.08752429959961,80.04247570040039,21.76850059398241,52.555430655168024,18.109541520750255,89.08752429959961,41.01247570040039,31.68247570040039,68.48247570040039,0.21764917472463557,-0.4451163930409301,0.8748836069590666,0.36703989446592594,0.42657482227132676,0.3317481450173763,0.8748836069590666,0.31488360695907147,-0.18511639304093208,0.5548836069590664,2022-03-02 09:55:23,2022-03-01 18:32:46,0.0,2503.25,2022-03-02 14:55:23,6,1,21,27.0,66.0,73.0,33.0,40.0,34.0,18.0,26.0,46.0,79.0,64.0,80.0,37.0,49.0,56.0,82.0,36.0,64.0,97.0,23.0,56.0,57.0,73.0,0.0,0.0,0.0,10.0,87.0,98.0,3.0,15.0,64.0,20.0,3.0,84.0,0.0,0.0,30.0,40.0,19.0,100.0,46.0,61.0,0.0,27.0,31.0,0.0,9.0,0.0,2.0,45.0,0.0,0.0,28.0,60.0,8.0,7.0,0.0,52.0,28.0,0.0,0.0,-10.76190476190476,-6.0,-16.0,-19.0,-18.376344086021504,-20.0,-11.537634408602152,-8.0,-32.15053763440861,-37.0,-36.215053763440864,-36.0,-32.17204301075269,-34.0,-4.956989247311828,-3.0,-8.752688172043008,-9.0,-1.0645161290322562,-3.0,-8.86021505376344,-8.0,-12.709677419354833,-16.0,-0.43010752688172005,2.0,-12.978494623655912,-11.0,9.344086021505376,8.0,-4.935483870967744,-6.0,-16.81720430107527,-19.0,-2.8817204301075208,-3.0,4.225806451612897,2.0,-11.043010752688176,-8.0,1.946236559139784,2.0,0.09677419354838435,-3.0,1.5806451612903203,1.0,-0.7096774193548387,0.0,0.0,0.0,-0.26881720430107525,0.0,4.817204301075269,10.0,3.107526881720432,1.0,31.096774193548384,31.0,-8.451612903225806,-6.0,-16.397849462365592,-13.0,6.505376344086024,3.0,-12.784946236559136,-14.0,-28.376344086021504,-31.0,26.043010752688176,22.0,0.0,0.0,0.0,0.0,11.612903225806452,25.0,-2.344086021505376,-4.0,-18.516129032258064,-21.0,28.380434782608702,32.5,0.9677419354838719,0.0,-1.258064516129032,-4.0,-0.25,0.0,-22.891304347826086,-24.0,1.358695652173914,5.0,-0.09782608695652174,0.0,-14.228260869565219,-10.5,-4.423913043478261,0.0,0.098901098901099,2.0,0.3736263736263723,-2.0,-7.406593406593407,0.0,-1.1538461538461537,0.0,8.142857142857142,7.0,-14.637362637362642,-21.0,4.6966292134831455,8.0,-19.123595505617978,-16.0,-4.359550561797753,0.0,36.741573033707866,36.0,-9.977528089887642,-12.0,-1.3146067415730338,0.0,0.0,0.0
53,2022-03-01 23:20:00.000,90.31340274885497,73.6,135.05,15.760027816963893,91.6776185605821,11.20884633485192,135.05,85.33,79.45,92.4,1.0354957471886779,0.382127,2.048126,0.20628418682541774,1.0558346864348358,0.1623666786187435,2.048126,0.989583,0.888352,1.15114,34.03319866722184,33.13,35.18,0.5700562231905068,34.037970566337705,0.48649192227103577,35.18,34.0,33.57,34.45,0.5495171315715721,-0.10385161561710088,1.562147384382899,0.20628418682541833,0.5869450745374523,0.16236667861874188,1.562147384382899,0.5036043843828991,0.40237338438289916,0.6651613843828992,0.22587844925500666,-16.487524299599613,44.962475700400404,15.760027816963882,15.758364443577927,11.208846334851803,44.962475700400404,-4.757524299599609,-10.637524299599605,2.312475700400398,1.8580822741810648,0.954883606959072,3.004883606959069,0.5700562231905033,1.9435273319175737,0.4864919222710324,3.004883606959069,1.8248836069590695,1.3948836069590698,2.2748836069590723,2022-03-01 18:32:46,2022-03-01 15:57:27,155.316666666667,2503.25,2022-03-01 23:32:46,5,4,20,58.0,67.0,86.0,30.0,59.0,79.0,27.0,31.0,57.0,69.0,67.0,79.0,35.0,54.0,50.0,74.0,58.0,65.0,94.0,38.0,50.0,64.0,64.0,0.0,0.0,0.0,21.0,75.0,67.0,5.0,24.0,73.0,37.0,8.0,28.0,0.0,0.0,48.0,42.0,65.0,68.0,41.0,61.0,,,,,,,,,,,,,,,,,,,,20.23809523809524,25.0,-15.0,-18.0,-5.376344086021504,-7.0,-14.537634408602152,-11.0,-13.150537634408607,-18.0,8.784946236559136,9.0,-23.172043010752688,-25.0,0.043010752688172005,2.0,2.2473118279569917,2.0,-11.064516129032256,-13.0,-5.86021505376344,-5.0,-13.709677419354833,-17.0,-2.43010752688172,0.0,-7.978494623655912,-6.0,3.344086021505376,2.0,-12.935483870967744,-14.0,5.182795698924728,3.0,-1.8817204301075208,-2.0,1.2258064516128968,-1.0,3.9569892473118244,7.0,-4.053763440860216,-4.0,7.096774193548384,4.0,-7.41935483870968,-8.0,-0.7096774193548387,0.0,0.0,0.0,-0.26881720430107525,0.0,15.817204301075268,21.0,-8.892473118279568,-11.0,0.09677419354838435,0.0,-6.451612903225806,-4.0,-7.397849462365592,-4.0,15.505376344086024,12.0,4.215053763440864,3.0,-23.376344086021504,-26.0,-29.956989247311824,-34.0,0.0,0.0,0.0,0.0,29.612903225806452,43.0,-0.34408602150537604,-2.0,27.483870967741936,25.0,-3.6195652173912976,0.5,-4.032258064516128,-5.0,-1.258064516129032,-4.0,,,,,,,,,,,,,,,,,,,,,,,,,,,,,,,,,,,,,,
54,2022-03-01 20:41:00.000,90.13427738442319,75.5,113.77,9.22944317052907,90.60538120262974,7.330966685580312,113.77,89.02,82.72,95.18,0.357465971678467,0.024347,0.530503,0.08458368182154502,0.3673327379643778,0.07203654232921476,0.530503,0.395955,0.293443,0.424146,31.951182840483263,30.87,32.37,0.3035799185916206,31.95262441942173,0.23141893015904375,32.37,32.03,31.83,32.18,-0.12851264393863343,-0.46163161561710087,0.044524384382899074,0.08458368182154494,0.15384056397606205,0.07203654232921493,0.46163161561710087,-0.09002361561710087,-0.19253561561710086,-0.06183261561710085,0.04675308482354575,-14.587524299599608,23.68247570040039,9.229443170529064,9.227639411713458,7.330966685580319,23.68247570040039,-1.0675242995996115,-7.367524299599609,5.092475700400399,-0.22393355255779762,-1.3051163930409295,0.19488360695906692,0.3035799185916208,0.37718512511384744,0.23141893015908138,1.3051163930409295,-0.14511639304092938,-0.3451163930409322,0.004883606959069198,2022-03-01 15:57:27,2022-03-01 13:04:44,172.716666666667,2347.93333333333,2022-03-01 20:57:27,5,3,19,58.0,84.0,88.0,19.0,64.0,74.0,35.0,18.0,77.0,66.0,65.0,86.0,43.0,59.0,58.0,84.0,37.0,34.0,82.0,26.0,66.0,51.0,44.0,0.0,0.0,0.0,15.0,72.0,53.0,1.0,75.0,67.0,30.0,26.0,65.0,0.0,0.0,28.0,44.0,52.0,69.0,30.0,64.0,0.0,54.0,38.0,0.0,11.0,11.0,10.0,37.0,0.0,0.0,35.0,61.0,0.0,16.0,1.0,0.0,53.0,0.0,0.0,20.23809523809524,25.0,2.0,-1.0,-3.376344086021504,-5.0,-25.537634408602152,-22.0,-8.150537634408607,-13.0,3.7849462365591364,4.0,-15.172043010752688,-17.0,-12.956989247311828,-11.0,22.24731182795699,22.0,-14.064516129032256,-16.0,-7.86021505376344,-7.0,-6.709677419354833,-10.0,5.56989247311828,8.0,-2.978494623655912,-1.0,11.344086021505376,10.0,-2.9354838709677438,-4.0,-15.817204301075272,-18.0,-32.88172043010752,-33.0,-10.774193548387103,-13.0,-8.043010752688176,-5.0,11.946236559139784,12.0,-5.903225806451616,-9.0,-27.41935483870968,-28.0,-0.7096774193548387,0.0,0.0,0.0,-0.26881720430107525,0.0,9.817204301075268,15.0,-11.892473118279568,-14.0,-13.903225806451616,-14.0,-10.451612903225806,-8.0,43.60215053763441,47.0,9.505376344086024,6.0,-2.7849462365591364,-4.0,-5.376344086021504,-8.0,7.043010752688176,3.0,0.0,0.0,0.0,0.0,9.612903225806452,23.0,1.655913978494624,0.0,14.483870967741936,12.0,-2.6195652173912976,1.5,-15.032258064516128,-16.0,1.741935483870968,-1.0,-0.25,0.0,4.108695652173914,3.0,8.358695652173914,12.0,-0.09782608695652174,0.0,-12.228260869565219,-8.5,6.576086956521739,11.0,8.098901098901099,10.0,-7.626373626373628,-10.0,-7.406593406593407,0.0,-1.1538461538461537,0.0,15.142857142857142,14.0,-13.637362637362642,-20.0,-3.303370786516854,0.0,-10.123595505617978,-7.0,-3.359550561797753,1.0,-15.258426966292134,-16.0,15.022471910112358,13.0,-1.3146067415730338,0.0,0.0,0.0
55,2022-03-01 17:50:00.000,82.30074968763027,66.35,102.35,9.368359324755549,82.8320167663608,8.080854912424577,102.35,79.72,74.77,90.88,0.3279636892961271,0.180679,0.397237,0.030004950124258727,0.3293328157975741,0.023613378221381768,0.397237,0.329322,0.311382,0.351106,32.82876718034141,32.57,33.03,0.09931253456850993,32.82891733598193,0.08199454586550242,33.03,32.81,32.77,32.93,-0.15801492632097386,-0.30529961561710084,-0.08874161561710087,0.030004950124258717,0.1608373060103138,0.023613378221381785,0.30529961561710084,-0.15665661561710087,-0.17459661561710088,-0.1348726156171009,-7.78677461196948,-23.737524299599613,12.262475700400387,9.368359324755529,12.180454067658198,8.08085491242453,23.737524299599613,-10.367524299599609,-15.317524299599611,0.792475700400388,0.6536507873005859,0.39488360695906977,0.8548836069590706,0.09931253456850923,0.6611491687946998,0.08199454586550375,0.8548836069590706,0.6348836069590718,0.5948836069590726,0.7548836069590692,2022-03-01 13:04:44,2022-03-01 09:41:20,203.4,2175.21666666667,2022-03-01 18:04:44,5,2,18,58.0,60.0,90.0,45.0,49.0,64.0,58.0,25.0,66.0,62.0,70.0,84.0,36.0,54.0,58.0,73.0,43.0,60.0,92.0,55.0,49.0,62.0,69.0,0.0,0.0,0.0,12.0,78.0,57.0,2.0,52.0,66.0,46.0,38.0,62.0,0.0,0.0,0.0,19.0,3.0,36.0,15.0,52.0,0.0,26.0,33.0,0.0,24.0,0.0,0.0,18.0,0.0,0.0,34.0,68.0,0.0,32.0,11.0,0.0,32.0,0.0,0.0,20.23809523809524,25.0,-22.0,-25.0,-1.3763440860215042,-3.0,0.46236559139784816,4.0,-23.150537634408607,-28.0,-6.215053763440864,-6.0,7.827956989247312,6.0,-5.956989247311828,-4.0,11.247311827956992,11.0,-18.064516129032256,-20.0,-2.86021505376344,-2.0,-8.709677419354833,-12.0,-1.43010752688172,1.0,-7.978494623655912,-6.0,11.344086021505376,10.0,-13.935483870967744,-15.0,-9.817204301075272,-12.0,-6.881720430107521,-7.0,-0.7741935483871032,-3.0,20.956989247311824,24.0,-5.053763440860216,-5.0,5.096774193548384,2.0,-2.4193548387096797,-3.0,-0.7096774193548387,0.0,0.0,0.0,-0.26881720430107525,0.0,6.817204301075269,12.0,-5.892473118279568,-8.0,-9.903225806451616,-10.0,-9.451612903225806,-7.0,20.602150537634408,24.0,8.505376344086024,5.0,13.215053763440864,12.0,6.623655913978496,4.0,4.043010752688176,0.0,0.0,0.0,0.0,0.0,-18.387096774193548,-5.0,-23.344086021505376,-25.0,-34.516129032258064,-37.0,-35.6195652173913,-31.5,-30.032258064516128,-31.0,-10.258064516129032,-13.0,-0.25,0.0,-23.891304347826086,-25.0,3.358695652173914,7.0,-0.09782608695652174,0.0,0.7717391304347814,4.5,-4.423913043478261,0.0,-1.901098901098901,0.0,-26.626373626373628,-29.0,-7.406593406593407,0.0,-1.1538461538461537,0.0,14.142857142857142,13.0,-6.637362637362642,-13.0,-3.303370786516854,0.0,5.876404494382022,9.0,6.640449438202247,11.0,-15.258426966292134,-16.0,-5.977528089887642,-8.0,-1.3146067415730338,0.0,0.0,0.0
56,2022-03-01 14:28:00.000,80.20146189087863,61.07,101.8,9.225418585100508,80.7300897464031,7.553303380290167,101.8,80.92,72.7,86.37,0.36380841649312506,0.252437,0.419021,0.024803787600111565,0.36465262312557817,0.015793104553999956,0.419021,0.366483,0.358794,0.380578,31.98244481466075,31.05,32.61,0.403970991603945,31.98499493381665,0.319129517220054,32.61,32.09,31.79,32.25,-0.12217019912397273,-0.23354161561710085,-0.0669576156171009,0.024803787600111836,0.1246616588816261,0.015793104553999338,0.23354161561710085,-0.11949561561710087,-0.12718461561710087,-0.10540061561710085,-9.886062408720809,-29.017524299599607,11.71247570040039,9.225418585100504,13.520618735004124,7.553303380290173,29.017524299599607,-9.167524299599606,-17.387524299599605,-3.717524299599603,-0.19267157838037208,-1.1251163930409298,0.4348836069590689,0.4039709916039461,0.4474895871329792,0.3191295172201088,1.1251163930409298,-0.08511639304092711,-0.38511639304093137,0.07488360695906948,2022-03-01 09:41:20,2022-02-28 18:53:03,0.0,1971.81666666667,2022-03-01 14:41:20,5,1,17,58.0,58.0,91.0,22.0,50.0,63.0,57.0,23.0,63.0,70.0,62.0,73.0,39.0,58.0,55.0,77.0,55.0,61.0,75.0,31.0,40.0,60.0,62.0,0.0,0.0,0.0,13.0,87.0,70.0,2.0,40.0,69.0,39.0,9.0,41.0,0.0,0.0,36.0,40.0,14.0,100.0,51.0,60.0,0.0,35.0,50.0,0.0,38.0,7.0,5.0,28.0,0.0,0.0,35.0,67.0,5.0,10.0,22.0,4.0,41.0,0.0,0.0,20.23809523809524,25.0,-24.0,-27.0,-0.37634408602150415,-2.0,-22.537634408602152,-19.0,-22.150537634408607,-27.0,-7.215053763440864,-7.0,6.827956989247312,5.0,-7.956989247311828,-6.0,8.247311827956992,8.0,-10.064516129032256,-12.0,-10.86021505376344,-10.0,-19.709677419354833,-23.0,1.56989247311828,4.0,-3.978494623655912,-2.0,8.344086021505376,7.0,-9.935483870967744,-11.0,2.1827956989247284,0.0,-5.881720430107521,-6.0,-17.774193548387103,-20.0,-3.0430107526881756,0.0,-14.053763440860216,-14.0,3.0967741935483843,0.0,-9.41935483870968,-10.0,-0.7096774193548387,0.0,0.0,0.0,-0.26881720430107525,0.0,7.817204301075269,13.0,3.107526881720432,1.0,3.0967741935483843,3.0,-9.451612903225806,-7.0,8.602150537634408,12.0,11.505376344086024,8.0,6.215053763440864,5.0,-22.376344086021504,-25.0,-16.956989247311824,-21.0,0.0,0.0,0.0,0.0,17.612903225806452,31.0,-2.344086021505376,-4.0,-23.516129032258064,-26.0,28.380434782608702,32.5,5.967741935483872,5.0,-2.258064516129032,-5.0,-0.25,0.0,-14.891304347826086,-16.0,20.358695652173914,24.0,-0.09782608695652174,0.0,14.771739130434781,18.5,2.5760869565217392,7.0,3.098901098901099,5.0,-16.626373626373628,-19.0,-7.406593406593407,0.0,-1.1538461538461537,0.0,15.142857142857142,14.0,-7.637362637362642,-14.0,1.696629213483146,5.0,-16.123595505617978,-13.0,17.640449438202246,22.0,-11.258426966292134,-12.0,3.0224719101123583,1.0,-1.3146067415730338,0.0,0.0,0.0
57,2022-02-28 21:35:00.000,120.16219908371485,89.97,130.1,12.112048464043912,120.77083549587768,10.612132991234391,130.1,127.97,110.48,128.6,0.2777117759266972,0.165302,0.447212,0.05665865403588504,0.28343023222302366,0.04821325260212819,0.447212,0.292161,0.220402,0.317789,25.88790087463556,24.55,27.29,0.7472836979153704,25.898679735396815,0.649056673422037,27.29,25.89,25.27,26.63,-0.20826683969040316,-0.32067661561710087,-0.038766615617100875,0.05665865403588511,0.21583313592742318,0.048213252602127894,0.32067661561710087,-0.19381761561710087,-0.2655766156171009,-0.16818961561710088,30.074674784115544,-0.11752429959960864,40.01247570040039,12.112048464043934,32.421083897801225,10.612132991234228,40.01247570040039,37.88247570040039,20.392475700400396,38.51247570040039,-6.287215518405398,-7.62511639304093,-4.885116393040931,0.7472836979153705,6.331451596322237,0.6490566734220328,7.62511639304093,-6.28511639304093,-6.905116393040931,-5.5451163930409315,2022-02-28 16:50:57,2022-02-28 13:51:02,179.916666666667,1849.71666666667,2022-02-28 21:50:57,4,3,15,52.0,68.0,90.0,44.0,64.0,78.0,64.0,60.0,93.0,72.0,74.0,82.0,43.0,48.0,57.0,93.0,51.0,68.0,94.0,55.0,72.0,75.0,88.0,0.0,0.0,0.0,8.0,68.0,86.0,25.0,54.0,90.0,23.0,89.0,72.0,0.0,0.0,0.0,63.0,45.0,71.0,52.0,59.0,0.0,57.0,53.0,0.0,26.0,7.0,4.0,40.0,8.0,0.0,48.0,58.0,10.0,49.0,14.0,2.0,49.0,6.0,0.0,14.23809523809524,19.0,-14.0,-17.0,-1.3763440860215042,-3.0,-0.5376344086021518,3.0,-8.150537634408607,-13.0,7.784946236559136,8.0,13.827956989247312,12.0,29.043010752688172,31.0,38.24731182795699,38.0,-8.064516129032256,-10.0,1.13978494623656,2.0,-10.709677419354833,-14.0,5.56989247311828,8.0,-13.978494623655912,-12.0,10.344086021505376,9.0,6.064516129032256,5.0,-1.8172043010752716,-4.0,1.1182795698924792,1.0,1.2258064516128968,-1.0,20.956989247311824,24.0,17.946236559139784,18.0,18.096774193548384,15.0,16.58064516129032,16.0,-0.7096774193548387,0.0,0.0,0.0,-0.26881720430107525,0.0,2.817204301075269,8.0,-15.892473118279568,-18.0,19.096774193548384,19.0,13.548387096774194,16.0,22.602150537634408,26.0,32.505376344086024,29.0,-9.784946236559136,-11.0,57.623655913978496,55.0,14.043010752688176,10.0,0.0,0.0,0.0,0.0,-18.387096774193548,-5.0,20.655913978494624,19.0,7.483870967741936,5.0,-0.6195652173912976,3.5,6.967741935483872,6.0,-3.258064516129032,-6.0,-0.25,0.0,7.108695652173914,6.0,23.358695652173914,27.0,-0.09782608695652174,0.0,2.7717391304347814,6.5,2.5760869565217392,7.0,2.098901098901099,4.0,-4.626373626373628,-7.0,0.5934065934065931,8.0,-1.1538461538461537,0.0,28.142857142857142,27.0,-16.637362637362642,-23.0,6.6966292134831455,10.0,22.876404494382022,26.0,9.640449438202246,14.0,-13.258426966292134,-14.0,11.022471910112358,9.0,4.685393258426966,6.0,0.0,0.0
58,2022-02-28 18:20:00.000,80.52740524781342,61.38,93.83,7.485798730894085,80.87445109231678,5.692075143617285,93.83,81.58,77.85,85.77,0.3048087072053303,0.0,1.024112,0.13480370791314358,0.33327589040564665,0.10301852511300881,1.024112,0.268081,0.215544,0.360343,34.33004997917557,33.53,35.0,0.39037438974362426,34.332268498695754,0.32705441176550126,35.0,34.23,34.09,34.68,-0.18116990841177008,-0.4859786156171009,0.538133384382899,0.13480370791314358,0.22580302666576527,0.10301852511300884,0.538133384382899,-0.21789761561710086,-0.27043461561710086,-0.12563561561710085,-9.560119051786158,-28.707524299599605,3.742475700400391,7.485798730894084,12.141240456489866,5.6920751436172905,28.707524299599605,-8.50752429959961,-12.237524299599613,-4.3175242995996115,2.154933586134454,1.3548836069590706,2.8248836069590695,0.3903743897436264,2.189992569514522,0.3270544117654791,2.8248836069590695,2.0548836069590664,1.914883606959073,2.504883606959069,2022-02-28 13:51:02,2022-02-28 09:36:14,254.8,1669.8,2022-02-28 18:51:02,4,2,14,52.0,82.0,99.0,62.0,67.0,75.0,73.0,45.0,68.0,68.0,63.0,88.0,32.0,41.0,40.0,70.0,57.0,56.0,74.0,56.0,44.0,65.0,75.0,0.0,0.0,0.0,9.0,76.0,91.0,10.0,56.0,75.0,38.0,65.0,67.0,0.0,0.0,0.0,13.0,9.0,44.0,27.0,62.0,0.0,39.0,70.0,0.0,63.0,17.0,0.0,61.0,0.0,0.0,19.0,56.0,18.0,21.0,8.0,17.0,34.0,1.0,0.0,14.23809523809524,19.0,0.0,-3.0,7.623655913978496,6.0,17.462365591397848,21.0,-5.150537634408607,-10.0,4.784946236559136,5.0,22.827956989247312,21.0,14.043010752688172,16.0,13.247311827956992,13.0,-12.064516129032256,-14.0,-9.86021505376344,-9.0,-4.709677419354833,-8.0,-5.43010752688172,-3.0,-20.978494623655912,-19.0,-6.655913978494624,-8.0,-16.935483870967744,-18.0,4.182795698924728,2.0,-10.88172043010752,-11.0,-18.774193548387103,-21.0,21.956989247311824,25.0,-10.053763440860216,-10.0,8.096774193548384,5.0,3.5806451612903203,3.0,-0.7096774193548387,0.0,0.0,0.0,-0.26881720430107525,0.0,3.817204301075269,9.0,-7.892473118279568,-10.0,24.096774193548384,24.0,-1.451612903225806,1.0,24.602150537634408,28.0,17.505376344086024,14.0,5.215053763440864,4.0,33.623655913978496,31.0,9.043010752688176,5.0,0.0,0.0,0.0,0.0,-18.387096774193548,-5.0,-29.344086021505376,-31.0,-28.516129032258064,-31.0,-27.619565217391298,-23.5,-18.032258064516128,-19.0,-0.25806451612903203,-3.0,-0.25,0.0,-10.891304347826086,-12.0,40.358695652173914,44.0,-0.09782608695652174,0.0,39.77173913043478,43.5,12.576086956521738,17.0,-1.901098901098901,0.0,16.373626373626372,14.0,-7.406593406593407,0.0,-1.1538461538461537,0.0,-0.8571428571428577,-2.0,-18.637362637362642,-25.0,14.696629213483146,18.0,-5.123595505617978,-2.0,3.640449438202247,8.0,1.7415730337078656,1.0,-3.9775280898876417,-6.0,-0.3146067415730338,1.0,0.0,0.0
59,2022-02-28 14:18:00.000,101.8517034568929,77.92,187.35,27.66288775246286,105.53997413590791,20.336331373797584,187.35,89.95,84.03,105.5,0.45517747147021975,0.293443,0.515126,0.03402969925141567,0.45644722439468666,0.027071004272654152,0.515126,0.458744,0.43696,0.480528,30.53071636817998,29.87,31.09,0.36150355452766864,30.532855620541945,0.33178101377653474,31.09,30.59,30.19,30.87,-0.030801144146880066,-0.19253561561710086,0.0291473843828991,0.03402969925141565,0.04589388417150135,0.027071004272654034,0.19253561561710086,-0.027234615617100888,-0.04901861561710086,-0.005450615617100862,11.764179157293373,-12.167524299599606,97.26247570040039,27.662887752462886,30.055158538628824,20.336331373797645,97.26247570040039,-0.13752429959960466,-6.057524299599606,15.412475700400392,-1.6444000248610124,-2.3051163930409295,-1.0851163930409307,0.361503554527666,1.6836513393127361,0.33178101377653835,2.3051163930409295,-1.5851163930409307,-1.9851163930409292,-1.3051163930409295,2022-02-28 09:36:14,2022-02-27 18:20:51,0.0,1415.0,2022-02-28 14:36:14,4,1,13,52.0,66.0,90.0,40.0,66.0,60.0,34.0,43.0,63.0,56.0,50.0,67.0,43.0,50.0,67.0,82.0,43.0,59.0,99.0,28.0,34.0,66.0,67.0,0.0,0.0,0.0,13.0,81.0,82.0,10.0,18.0,64.0,30.0,0.0,36.0,0.0,0.0,15.0,69.0,31.0,100.0,45.0,68.0,0.0,31.0,46.0,0.0,18.0,4.0,6.0,43.0,12.0,0.0,29.0,55.0,12.0,8.0,0.0,16.0,15.0,1.0,0.0,14.23809523809524,19.0,-16.0,-19.0,-1.3763440860215042,-3.0,-4.537634408602152,-1.0,-6.150537634408607,-11.0,-10.215053763440864,-10.0,-16.172043010752688,-18.0,12.043010752688172,14.0,8.247311827956992,8.0,-24.064516129032256,-26.0,-22.86021505376344,-22.0,-25.709677419354833,-29.0,5.56989247311828,8.0,-11.978494623655912,-10.0,20.344086021505376,19.0,-4.935483870967744,-6.0,-9.817204301075272,-12.0,-7.881720430107521,-8.0,6.225806451612897,4.0,-6.043010752688176,-3.0,-20.053763440860216,-20.0,9.096774193548384,6.0,-4.41935483870968,-5.0,-0.7096774193548387,0.0,0.0,0.0,-0.26881720430107525,0.0,7.817204301075269,13.0,-2.892473118279568,-5.0,15.096774193548384,15.0,-1.451612903225806,1.0,-13.397849462365592,-10.0,6.505376344086024,3.0,-2.7849462365591364,-4.0,-31.376344086021504,-34.0,-21.956989247311824,-26.0,0.0,0.0,0.0,0.0,-3.387096774193548,10.0,26.655913978494624,25.0,-6.516129032258064,-9.0,28.380434782608702,32.5,-0.032258064516128115,-1.0,5.741935483870968,3.0,-0.25,0.0,-18.891304347826086,-20.0,16.358695652173914,20.0,-0.09782608695652174,0.0,-5.228260869565219,-1.5,-0.42391304347826075,4.0,4.0989010989010985,6.0,-1.6263736263736277,-4.0,4.593406593406593,12.0,-1.1538461538461537,0.0,9.142857142857142,8.0,-19.637362637362642,-26.0,8.696629213483146,12.0,-18.123595505617978,-15.0,-4.359550561797753,0.0,0.7415730337078656,0.0,-22.97752808988764,-25.0,-0.3146067415730338,1.0,0.0,0.0
60,2022-02-25 22:40:00.000,95.83249062890474,73.85,121.93,12.922097325673695,96.69941733620303,11.060833898689642,121.93,95.38,84.83,105.08,1.8491600841316083,0.215544,5.723584,1.32933261247533,2.277231260947491,1.1599823859134104,5.723584,1.279281,0.705111,2.963501,34.37968763015413,33.41,35.03,0.47489133218497764,34.38296597729879,0.4296385599433517,35.03,34.39,33.97,34.87,1.3631814685145116,-0.27043461561710086,5.237605384382899,1.3293326124753304,1.9038521253480363,1.159982385913412,5.237605384382899,0.793302384382899,0.21913238438289917,2.4775223843828993,5.744966329304985,-16.237524299599613,31.8424757004004,12.92209732567366,14.139154541447637,11.06083389868964,31.8424757004004,5.292475700400388,-5.257524299599609,14.99247570040039,2.204571237113174,1.234883606959066,2.8548836069590706,0.47489133218498114,2.255119107413334,0.42963855994335415,2.8548836069590706,2.21488360695907,1.7948836069590683,2.694883606959067,2022-02-25 17:59:50,2022-02-25 16:38:24,81.4333333333333,436.033333333333,2022-02-25 22:59:50,1,4,4,49.0,68.0,91.0,25.0,66.0,79.0,46.0,24.0,52.0,66.0,68.0,88.0,53.0,59.0,53.0,47.0,58.0,69.0,90.0,47.0,68.0,74.0,80.0,0.0,0.0,1.0,0.0,79.0,80.0,4.0,48.0,56.0,49.0,14.0,9.0,0.0,0.0,6.0,50.0,18.0,70.0,73.0,64.0,0.0,13.0,50.0,0.0,49.0,0.0,0.0,29.0,0.0,0.0,0.0,47.0,3.0,59.0,14.0,8.0,64.0,6.0,0.0,11.23809523809524,16.0,-14.0,-17.0,-0.37634408602150415,-2.0,-19.537634408602152,-16.0,-6.150537634408607,-11.0,8.784946236559136,9.0,-4.172043010752688,-6.0,-6.956989247311828,-5.0,-2.7526881720430083,-3.0,-14.064516129032256,-16.0,-4.86021505376344,-4.0,-4.709677419354833,-8.0,15.56989247311828,18.0,-2.978494623655912,-1.0,6.344086021505376,5.0,-39.935483870967744,-41.0,5.182795698924728,3.0,2.1182795698924792,2.0,-2.774193548387103,-5.0,12.956989247311824,16.0,13.946236559139784,14.0,17.096774193548384,14.0,8.58064516129032,8.0,-0.7096774193548387,0.0,0.0,0.0,0.7311827956989247,1.0,-5.182795698924731,0.0,-4.892473118279568,-7.0,13.096774193548384,13.0,-7.451612903225806,-5.0,16.602150537634408,20.0,-1.4946236559139763,-5.0,16.215053763440864,15.0,-17.376344086021504,-20.0,-48.956989247311824,-53.0,0.0,0.0,0.0,0.0,-12.387096774193548,1.0,7.655913978494624,6.0,-19.516129032258064,-22.0,-1.6195652173912976,2.5,27.967741935483872,27.0,1.741935483870968,-1.0,-0.25,0.0,-36.891304347826086,-38.0,20.358695652173914,24.0,-0.09782608695652174,0.0,25.77173913043478,29.5,-4.423913043478261,0.0,-1.901098901098901,0.0,-15.626373626373628,-18.0,-7.406593406593407,0.0,-1.1538461538461537,0.0,-19.857142857142858,-21.0,-27.637362637362642,-34.0,-0.303370786516854,3.0,32.87640449438202,36.0,9.640449438202246,14.0,-7.258426966292134,-8.0,26.02247191011236,24.0,4.685393258426966,6.0,0.0,0.0
61,2022-02-25 21:11:00.000,75.66635568513153,63.68,82.35,4.902798325626785,75.82496160675274,3.9113076062815595,82.35,76.73,73.72,79.17,0.5465977446897131,0.170694,1.053654,0.24494401278325745,0.5989504781890582,0.19789988815745738,1.053654,0.561593,0.332152,0.689665,29.936164098292412,29.47,30.65,0.25994099598536613,29.93729216377349,0.2204790347489923,30.65,29.87,29.75,30.15,0.060619129072611674,-0.31528461561710086,0.5676753843828992,0.2449440127832574,0.25228408517491385,0.19789988815745735,0.5676753843828992,0.07561438438289914,-0.15382661561710087,0.2036863843828991,-14.421168614468437,-26.407524299599608,-7.737524299599613,4.90279832562677,15.231464939515817,3.9113076062816536,26.407524299599608,-13.357524299599604,-16.36752429959961,-10.917524299599606,-2.2389522947485445,-2.7051163930409317,-1.525116393040932,0.2599409959853646,2.2539850393016585,0.22047903474898956,2.7051163930409317,-2.3051163930409295,-2.4251163930409305,-2.025116393040932,2022-02-25 16:38:24,2022-02-25 13:40:29,177.916666666667,354.6,2022-02-25 21:38:24,1,3,3,49.0,63.0,78.0,36.0,19.0,64.0,15.0,36.0,52.0,73.0,67.0,97.0,76.0,65.0,65.0,86.0,76.0,70.0,97.0,53.0,53.0,73.0,77.0,0.0,0.0,3.0,3.0,78.0,73.0,7.0,43.0,45.0,2.0,35.0,32.0,0.0,0.0,3.0,1.0,13.0,41.0,35.0,46.0,0.0,19.0,33.0,0.0,26.0,11.0,0.0,21.0,3.0,0.0,47.0,49.0,,,,,,,,11.23809523809524,16.0,-19.0,-22.0,-13.376344086021504,-15.0,-8.537634408602152,-5.0,-53.15053763440861,-58.0,-6.215053763440864,-6.0,-35.17204301075269,-37.0,5.043010752688172,7.0,-2.7526881720430083,-3.0,-7.064516129032256,-9.0,-5.86021505376344,-5.0,4.290322580645167,1.0,38.56989247311828,41.0,3.021505376344088,5.0,18.344086021505376,17.0,-0.9354838709677438,-2.0,23.18279569892473,21.0,3.1182795698924792,3.0,4.225806451612897,2.0,18.956989247311824,22.0,-1.053763440860216,-1.0,16.096774193548384,13.0,5.58064516129032,5.0,-0.7096774193548387,0.0,0.0,0.0,2.731182795698925,3.0,-2.182795698924731,3.0,-5.892473118279568,-8.0,6.096774193548384,6.0,-4.451612903225806,-2.0,11.602150537634408,15.0,-12.494623655913976,-16.0,-30.784946236559136,-32.0,3.623655913978496,1.0,-25.956989247311824,-30.0,0.0,0.0,0.0,0.0,-15.387096774193548,-2.0,-41.344086021505376,-43.0,-24.516129032258064,-27.0,-30.619565217391298,-26.5,-10.032258064516128,-11.0,-16.258064516129032,-19.0,-0.25,0.0,-30.891304347826086,-32.0,3.358695652173914,7.0,-0.09782608695652174,0.0,2.7717391304347814,6.5,6.576086956521739,11.0,-1.901098901098901,0.0,-23.626373626373628,-26.0,-4.406593406593407,3.0,-1.1538461538461537,0.0,27.142857142857142,26.0,-25.637362637362642,-32.0,,,,,,,,,,,,,,
62,2022-02-25 18:23:00.000,83.56574344023346,64.3,123.05,16.27968518965123,85.13607486952829,12.837998841590615,123.05,78.07,71.42,89.58,0.24559597042898754,0.176834,0.278066,0.011507122258354147,0.24586528710690542,0.008746606137488531,0.278066,0.24603,0.239623,0.253719,29.43168263223634,29.19,29.63,0.10763751314358448,29.431879375491786,0.09414977550830168,29.63,29.45,29.33,29.53,-0.24038264518811184,-0.3091446156171009,-0.2079126156171009,0.011507122258354117,0.2406577960940369,0.008746606137488478,0.3091446156171009,-0.23994861561710087,-0.24635561561710087,-0.2322596156171009,-6.52178085936641,-25.78752429959961,32.96247570040039,16.279685189651232,17.534291917515095,12.837998841590494,32.96247570040039,-12.017524299599614,-18.667524299599606,-0.5075242995996092,-2.743433760804414,-2.9851163930409292,-2.5451163930409315,0.10763751314358416,2.7455436271777636,0.09414977550829931,2.9851163930409292,-2.7251163930409312,-2.8451163930409322,-2.6451163930409294,2022-02-25 13:40:29,2022-02-25 10:43:48,176.683333333333,176.683333333333,2022-02-25 18:40:29,1,2,2,49.0,53.0,81.0,41.0,49.0,60.0,60.0,39.0,51.0,65.0,65.0,86.0,64.0,65.0,43.0,73.0,76.0,79.0,92.0,51.0,62.0,80.0,91.0,0.0,0.0,2.0,0.0,81.0,78.0,7.0,60.0,83.0,56.0,21.0,48.0,0.0,0.0,0.0,8.0,15.0,26.0,18.0,59.0,0.0,58.0,60.0,0.0,61.0,29.0,7.0,51.0,7.0,0.0,72.0,53.0,18.0,88.0,25.0,34.0,65.0,18.0,0.0,11.23809523809524,16.0,-29.0,-32.0,-10.376344086021504,-12.0,-3.537634408602152,0.0,-23.150537634408607,-28.0,-10.215053763440864,-10.0,9.827956989247312,8.0,8.043010752688172,10.0,-3.7526881720430083,-4.0,-15.064516129032256,-17.0,-7.86021505376344,-7.0,-6.709677419354833,-10.0,26.56989247311828,29.0,3.021505376344088,5.0,-3.655913978494624,-5.0,-13.935483870967744,-15.0,23.18279569892473,21.0,12.11827956989248,12.0,-0.7741935483871032,-3.0,16.956989247311824,20.0,7.946236559139784,8.0,23.096774193548384,20.0,19.58064516129032,19.0,-0.7096774193548387,0.0,0.0,0.0,1.7311827956989247,2.0,-5.182795698924731,0.0,-2.892473118279568,-5.0,11.096774193548384,11.0,-4.451612903225806,-2.0,28.602150537634408,32.0,25.505376344086024,22.0,23.215053763440864,22.0,-10.376344086021504,-13.0,-9.956989247311824,-14.0,0.0,0.0,0.0,0.0,-18.387096774193548,-5.0,-34.344086021505376,-36.0,-22.516129032258064,-25.0,-45.6195652173913,-41.5,-27.032258064516128,-28.0,-3.258064516129032,-6.0,-0.25,0.0,8.108695652173914,7.0,30.358695652173914,34.0,-0.09782608695652174,0.0,37.77173913043478,41.5,24.57608695652174,29.0,5.0989010989010985,7.0,6.373626373626372,4.0,-0.4065934065934069,7.0,-1.1538461538461537,0.0,52.14285714285714,51.0,-21.637362637362642,-28.0,14.696629213483146,18.0,61.87640449438202,65.0,20.640449438202246,25.0,18.741573033707866,18.0,27.02247191011236,25.0,16.685393258426966,18.0,0.0,0.0
63,2022-02-25 15:25:00.000,80.67571012078263,60.37,101.42,8.360914538649581,81.10761974382024,6.137427592036535,101.42,80.02,76.65,84.38,0.46005972261557787,0.398518,0.497186,0.02013943199839621,0.4605001369881363,0.016576074436567542,0.497186,0.466433,0.444649,0.475402,32.265214493960876,31.65,33.07,0.39442907819172585,32.26762426711021,0.34946827132454816,33.07,32.13,31.97,32.66,-0.025918893001524158,-0.08746061561710089,0.011207384382899144,0.0201394319983962,0.032820981207078694,0.016576074436567632,0.08746061561710089,-0.019545615617100887,-0.04132961561710086,-0.010576615617100882,-9.411814178816602,-29.71752429959961,11.332475700400394,8.360914538649563,12.588011088018837,6.1374275920365475,29.71752429959961,-10.067524299599611,-13.437524299599602,-5.707524299599612,0.09009810091991921,-0.5251163930409319,0.8948836069590698,0.39442907819171885,0.4045085535395671,0.349468271324541,0.8948836069590698,-0.04511639304092796,-0.20511639304093165,0.48488360695906607,2022-02-25 10:43:48,,0.0,0.0,2022-02-25 15:43:48,1,1,1,49.0,33.0,67.0,50.0,37.0,61.0,35.0,55.0,64.0,40.0,61.0,76.0,66.0,56.0,43.0,59.0,42.0,59.0,77.0,44.0,37.0,62.0,77.0,12.0,0.0,4.0,2.0,59.0,58.0,16.0,41.0,63.0,60.0,43.0,63.0,0.0,0.0,23.0,67.0,63.0,100.0,90.0,80.0,2.0,49.0,39.0,9.0,72.0,36.0,12.0,60.0,33.0,11.0,66.0,25.0,34.0,37.0,53.0,11.0,60.0,20.0,0.0,11.23809523809524,16.0,-49.0,-52.0,-24.376344086021504,-26.0,5.462365591397848,9.0,-35.15053763440861,-40.0,-9.215053763440864,-9.0,-15.172043010752688,-17.0,24.043010752688172,26.0,9.247311827956992,9.0,-40.064516129032256,-42.0,-11.86021505376344,-11.0,-16.709677419354833,-20.0,28.56989247311828,31.0,-5.978494623655912,-4.0,-3.655913978494624,-5.0,-27.935483870967744,-29.0,-10.817204301075272,-13.0,-7.881720430107521,-8.0,-15.774193548387103,-18.0,9.956989247311824,13.0,-17.053763440860216,-17.0,5.096774193548384,2.0,5.58064516129032,5.0,11.290322580645162,12.0,0.0,0.0,3.731182795698925,4.0,-3.182795698924731,2.0,-24.892473118279568,-27.0,-8.903225806451616,-9.0,4.548387096774194,7.0,9.602150537634408,13.0,5.505376344086024,2.0,27.215053763440864,26.0,11.623655913978496,9.0,5.043010752688176,1.0,0.0,0.0,0.0,0.0,4.612903225806452,18.0,24.655913978494624,23.0,25.483870967741936,23.0,28.380434782608702,32.5,44.96774193548387,44.0,17.741935483870968,15.0,1.75,2.0,-0.891304347826086,-2.0,9.358695652173914,13.0,8.902173913043478,9.0,48.77173913043478,52.5,31.57608695652174,36.0,10.098901098901099,12.0,15.373626373626372,13.0,25.59340659340659,33.0,9.846153846153847,11.0,46.14285714285714,45.0,-49.63736263736264,-56.0,30.696629213483146,34.0,10.876404494382022,14.0,48.640449438202246,53.0,-4.258426966292134,-5.0,22.02247191011236,20.0,18.685393258426966,20.0,0.0,0.0
